a2908405-8cd9-49ca-8e9b-5baa2c38d6f7;PILOTING3;4;2;2;1;0;10000;0;0;1;1;
e1d3c642-884d-4fb1-819e-db7ff4af3ade;REACTOR3;8;5;2;2;0;5000;0;0;39;0;1;
eedd308e-6539-4fff-82ef-25c8cb1390ba;Dual_laser1;11;5;2;2;0;800;0;0;39;0;0.0;0.0;0.0;0;
5812f4d0-54ad-44ea-af3a-30be906282ae;Dual_laser1;8;2;2;2;0;800;0;0;37;0;0.0;0.0;0.0;0;
0c8ef537-9b10-46a0-b68e-8b0ddb7f7efb;CAPACITOR3;4;6;2;1;0;6000;0;0;0;0;
2a436bac-e798-4469-9cfa-949df2bb1323;OXYGEN1;8;4;2;1;0;1000;1;0;14;1;1;
f736c356-603c-4657-9c9c-846b870b7360;SENSORS1;5;4;2;1;0;1000;0;0;13;1;1;
88bfa9b1-20e5-497e-9b2b-0644db9f45b6;DOOR_CONTROL1;3;4;2;1;0;1000;0;0;16;1;1;
b00a51a5-f9c6-43ac-b5ce-5041404ae779;HYPERDRIVE2;2;5;2;2;0;3000;0;0;47;0;1;
8bfe3a45-17aa-489e-b591-60b8dc6be80f;MEDICAL1;10;4;2;1;0;2000;1;0;15;1;
f84336be-509c-46a5-a3e6-0ca7b284398e;ENGINES3;1;4;2;1;0;1800;0;0;1;1;1;
41280142-91e7-4e02-b7f9-948b78bb8eda;SHIELDS3;11;2;2;2;0;3000;6;0;37;0;1;
177c7a0e-5eb1-4d82-8aab-6b96be785cac;DRONE_SHOP2;12;4;2;1;0;10000;0;0;1;1;4;13;
5dd02439-4c27-49d9-b805-8e78bafb957e;SYS_SHOP;6;5;2;2;0;10000;0;0;51;1;146;Triple_laser3:MEDICAL3:ENGINES3:Basic_ML5:GAT_LASER1:;
