82bb9ef3-1717-440f-a154-b604ebc73aab;PILOTING4;19;12;1;2;1;0;0;0;21;1;
5aa39342-230d-45d5-9600-e61773d2a839;SHIELDS1;8;4;2;2;0;1000;2;0;37;0;1;
1a38a58c-b430-4d59-8909-752f8769db41;REACTOR3;2;12;2;2;0;3000;0;0;39;0;1;
2bb9f523-ba3f-49db-9b7c-8d38e74d15c3;DOOR_CONTROL1;4;9;2;1;0;1000;0;0;1;1;1;
9424cb3f-8af5-4f91-8ddf-f808f4111f45;OXYGEN1;10;3;1;2;0;1000;1;0;26;1;1;
edabf79d-67af-4758-a953-7f0dcf9bfa05;SENSORS1;13;3;1;2;0;1000;0;0;26;1;1;
e56d0307-dd33-402e-8c41-92a68055e45b;MEDICAL3;11;2;2;2;0;6000;3;0;45;1;
46c5417a-caa5-4f4b-9891-71d95393e78d;PARTS_LAB;18;12;1;2;1;0;1;0;26;0;
1b926215-73ef-4e86-b206-12212601a06c;REPAIR1;11;6;1;2;0;2000;1;0;19;1;
9730f185-ea92-42b6-8ad9-849fcb686e1a;CAPACITOR1;14;2;1;2;0;2000;0;0;0;0;
1e4d4c1b-8fd7-4fad-86a1-d2e5daea7cd4;CAPACITOR1;14;4;1;2;0;2000;0;0;0;0;
1f9bcbfc-aa44-4cc2-813e-781a568d2c80;CAPACITOR3;2;10;1;2;0;6000;0;0;0;0;
0416f7c4-6739-417b-927d-fac85b4d582f;TEST_LAB;16;12;2;2;1;0;0;0;45;1;100;none&22rgb61rgb77:;
30c2791b-2a7e-43be-98b9-2ee64db70d0c;MEDICAL3;8;2;2;2;0;6000;3;0;38;1;
d6558f60-4d82-4217-9e0b-433174609cd1;OXYGEN1;7;10;2;1;0;1000;1;0;1;1;1;
54cd2378-58e4-48be-a52f-5e002dbbb86a;CAPACITOR3;5;13;2;1;0;6000;0;0;0;0;
