337f4a3f-5ef2-4180-b592-f811b1554887;PILOTING1;12;6;2;1;0;5000;0;0;16;1;
9c442f18-887b-4660-b52d-7f67702d0079;BOU_REACTOR4;9;7;2;2;0;8000;0;0;58;0;1;
3289889a-864d-4e5c-8554-8f796ff017f1;OXYGEN3;5;6;2;1;0;1000;3;0;1;1;1;
393402ba-1141-497b-a12e-fba196a5812b;DOOR_CONTROL3;14;6;2;1;0;3000;0;0;1;1;1;
da1cf088-2217-415f-831e-1b82e1167ea8;ENGINES8;9;9;2;1;0;2800;0;0;3;1;1;
2ba92119-f3ab-4c3d-b1db-1dc84dc0e494;Advanced_ML4;7;7;2;2;0;1600;1;560;41;1;0.0;0.0;0.0;0;
b35ef89e-e85c-4d7d-b431-ec96974d13fe;BOU_Hull_Breaker2;5;2;2;2;0;1700;2;1840;38;1;0.0;0.0;0.0;0;
d3589599-6231-40a3-a694-c0289abe7b15;WEAPONS_CONTROL2;10;6;2;1;0;4000;0;0;14;1;
742486c1-1572-4008-8651-8d390e5f1321;SENSORS3;7;6;2;1;0;2000;0;0;13;1;1;
4882af7f-6b86-44e3-aeb3-fecee6f8d6ee;CAPACITOR4;9;3;2;1;0;12000;0;0;0;0;
90230663-a842-4b5b-8ee3-730e4a9f99b7;HYPERDRIVE4;9;4;2;2;0;5000;0;0;58;0;1;
89f94279-f4cf-4794-a9ff-b68c697010e8;Dual_laser3;5;9;2;2;0;1200;2;1280;37;1;0.0;0.0;0.0;0;
2e3a9e0d-0e58-46da-a24f-010856eb3952;TELEPORT2;16;6;2;1;0;1000;2;1600;1;1;1;
de604680-4a98-4923-911a-b9e1ea9c8fef;SHIELDS4;7;4;2;2;0;4000;0;0;42;0;1;
