d41a0213-f6a6-4fe6-91d6-e3a14896a06e;PILOTING1;2;4;2;1;0;5000;0;0;14;1;
10d91592-3b4e-4beb-8e20-36c2e91113a8;BOU_REACTOR4;12;4;2;2;0;8000;0;0;38;0;1;
51a8a8e6-730f-4513-a266-e2708262b006;OXYGEN1;2;1;2;1;0;1000;1;0;2;1;1;
5680956c-f15f-4525-a732-86e64b78be56;DOOR_CONTROL2;4;4;2;1;0;2000;0;0;1;1;1;
cb31f777-d246-42da-801d-d1eb6097739f;ENGINES3;2;7;2;1;0;1800;0;0;3;1;1;
2bd34396-afe1-41a3-ab83-40d6eb07d782;BOU_HYPERDRIVE1;8;4;2;2;0;1000;0;0;45;0;1;
c8af5df9-cd88-45d8-9e8b-a957edf84a43;BOU_SHIELDS5;6;3;2;2;0;5000;10;0;56;0;1;
13ee37a4-5427-4642-ba65-8dd1e8a7ff72;BOU_Breacher1;1;2;2;2;0;1500;2;1520;47;1;137.0;7176.0;12984.0;0;
8208d976-3d49-4500-84e6-42d8ead61061;Heavy_Dual_laser1;1;5;2;2;0;1500;3;2400;47;1;135.0;7320.0;13032.0;0;
d40eaa86-eae7-4ff0-b961-34d7859b9c4f;Heavy_laser2;10;3;2;2;0;1000;1;600;45;1;138.0;7032.0;13272.0;0;
93648c4a-64b4-42f2-bcd9-e65d9e12508f;WEAPONS_CONTROL1;3;3;2;1;0;2000;0;0;1;1;
d286bd76-579b-422c-b023-0c355b5da8d2;SENSORS2;6;5;2;1;0;2000;0;0;2;1;1;
