5b333289-f0c5-4dce-8bac-c96b2f88d38e;PILOTING3;4;2;2;1;0;10000;0;0;1;1;
640d5999-eaee-4d12-8df2-11c1de4e7e8c;SHIELDS2;11;5;2;2;0;2000;4;0;39;0;1;
6f228a39-3d9a-4acd-aaf1-c05f5faead1e;REACTOR3;6;2;2;2;0;5000;0;0;52;0;1;
a9b63b1c-63ff-4d7f-a1b6-2b20e65125fb;SYS_SHOP;2;5;2;2;0;10000;0;0;47;1;128;MEDICAL2:none:HULL_BEAM5:Basic_laser1:none:none:none:;
73365e6d-22d8-4a37-8a9c-8c4510f2ffeb;REPAIR1;4;6;2;1;0;2000;1;0;1;1;
655e66e1-d543-4285-9248-cc47d85550c9;MEDICAL2;3;4;2;1;0;4000;2;0;16;1;
aa976a71-0585-4ae0-a0f6-acbf4fc5b944;ENGINES4;8;4;2;1;0;2000;0;0;14;1;1;
1af17c00-0994-40b1-8636-0943bc59d7b6;OXYGEN1;12;4;2;1;0;1000;1;0;1;1;1;
91943a2b-cae3-4ae2-84dc-8f966615a283;HYPERDRIVE2;6;5;2;2;0;3000;0;0;51;0;1;
d1d65929-78e2-479d-a6e0-8d8700598a07;CAPACITOR3;5;4;2;1;0;6000;0;0;0;0;
024c2b7f-911e-4e10-ab62-ad597dfeeb48;SENSORS1;10;4;2;1;0;1000;0;0;15;1;1;
cc557632-c123-4d59-a968-f61b93b03443;DOOR_CONTROL1;1;4;2;1;0;1000;0;0;1;1;1;
ade350ac-3d31-4702-98b2-188ae3ae5692;Dual_laser1;8;2;2;2;0;800;0;0;37;0;0.0;0.0;0.0;0;
087fb9d3-e31e-405d-8353-5e7caed67c8c;Heavy_laser3;2;2;2;2;0;1200;0;0;47;0;0.0;0.0;0.0;0;
