67bf8303-0b96-4e3e-9a88-7a0c00327cea;PILOTING1;2;6;2;1;0;5000;0;0;1;0;
32b11967-bb5b-466f-bced-38847d2b2c27;BOU_REACTOR4;11;7;2;2;0;8000;0;0;39;0;1;
82512c73-46d5-4009-b7bb-0b4b340c6d0d;OXYGEN3;13;4;2;1;0;1000;3;0;2;0;1;
ec84956a-f01e-4dad-92c0-bb41340bf8d9;DOOR_CONTROL5;14;7;2;1;0;5000;0;0;6;0;1;
33b94862-e7d2-4e7a-9897-86bf6ee768f5;BOU_ENGINES3;8;7;2;1;0;1800;0;0;3;0;1;
867995a0-7592-4dde-8369-c0a9ffef4294;BOU_HYPERDRIVE2;3;8;2;2;0;3000;0;0;40;0;1;
80053ab2-dd67-44fc-85d1-b5cd939df6e6;SHIELDS1;6;7;2;2;0;1000;0;0;45;0;1;
8e20f254-e056-400b-b47c-90575cd46ccb;BOU_Hull_Breaker4;11;4;2;2;0;2100;0;0;37;0;0.0;0.0;0.0;0;
376d89e9-c898-4685-bd0d-221f84721e92;Hull_Breaker4;6;4;2;2;0;2100;0;0;45;0;0.0;0.0;0.0;0;
8b9426cf-5625-4e8a-9c6c-0732a44fba1b;WEAPONS_CONTROL2;13;6;2;1;0;4000;0;0;1;0;
59c400dc-3556-4315-aafd-cfb4cb13ae9c;SENSORS4;4;7;2;1;0;4000;0;0;9;0;1;
237a9417-ead2-46ea-a73b-95f71f196f3c;CAPACITOR3;13;8;2;1;0;6000;0;0;0;0;
