78520e97-7b44-41da-bc15-c2648dfbd588;MEDICAL2;14;5;2;1;0;4000;2;0;14;1;
cbda064e-96d7-429e-ab85-542661e43288;PILOTING1;14;6;2;1;0;5000;0;0;14;1;
b420dd4c-a253-446e-8f8e-3a28d31aa138;BOU_REACTOR4;7;3;2;2;0;8000;0;0;48;0;1;
a4a7b39a-1a47-4142-9df1-2e116ee6f9a4;OXYGEN1;11;7;2;1;0;1000;1;0;14;1;1;
2f4882eb-2416-4578-91dc-08076a5e01aa;DOOR_CONTROL4;11;4;2;1;0;4000;0;0;14;1;1;
dae7f55a-e23c-4f72-9c8c-2f2772447694;ENGINES4;8;2;2;1;0;2000;0;0;2;1;1;
8ea8fc70-1ed5-4587-8fe9-d94a0008f0a3;BOU_HYPERDRIVE3;10;2;2;2;0;4000;0;0;55;0;1;
cf58bd2e-bf97-4f2d-9cf2-11c2e8d509da;SHIELDS5;9;5;2;2;0;5000;10;0;45;0;1;
37351155-15a0-4ce3-8d6f-3cc2a88aa4fc;Quad_laser1;7;7;2;2;0;2400;4;412;50;0;150.0;3432.0;9144.0;0;
da271c52-c2d6-4626-8038-f6142004d9b9;BOU_Quad_laser3;10;8;2;2;0;2800;4;1952;56;0;150.0;3528.0;9144.0;0;
656683ad-f287-47cd-96ca-e39bb1d0f7d6;BOU_Heavy_laser2;5;5;2;2;0;1000;1;543;46;0;148.0;3528.0;9288.0;0;
46ea37e0-f17e-41d9-a861-3ae3a3d7f59b;WEAPONS_CONTROL1;6;1;2;1;0;2000;0;0;2;1;
c47d8218-b3f7-40f2-8ca2-ddd2bd3b8f0a;SENSORS1;8;9;2;1;0;1000;0;0;3;1;1;
31b28fe3-4132-4ce4-b042-3d3259041049;CAPACITOR1;13;7;2;1;0;2000;0;0;0;0;
c09cfd3f-5d01-45d0-b578-53b312b31308;BOU_TELEPORT2;6;10;2;1;0;1000;2;1600;3;1;1;
