4ce494a9-7228-4220-99c7-e71b12fa1382;PILOTING1;4;6;2;1;0;5000;0;0;15;1;
534f4b03-96cb-403e-9b0c-958543949c0e;BOU_REACTOR4;9;7;2;2;0;8000;0;0;39;0;1;
b5f403b3-e928-49c4-b608-fde07d4c2c6a;OXYGEN1;7;5;2;1;0;1000;1;0;2;1;1;
2a2c1fde-fb0c-4184-a016-f5e987d40bc0;DOOR_CONTROL2;2;6;2;1;0;2000;0;0;1;1;1;
7a03df1b-a706-4ed8-a250-a9247ed5c4b7;BOU_ENGINES6;13;6;2;1;0;2400;0;0;1;1;1;
3896a6e0-67f2-4328-8a22-c0a4c848b8f7;BOU_HYPERDRIVE4;13;4;2;2;0;5000;0;0;38;0;1;
ed5bb488-bb20-4866-8017-da77d14ad49d;BOU_SHIELDS3;3;3;2;2;0;3000;6;0;38;0;1;
40e24697-3954-435c-b313-1e0cf988b19a;Basic_laser3;3;8;2;2;0;1200;0;0;40;0;0.0;0.0;0.0;0;
2769b36b-99f5-4539-9d80-f79894c0a3b2;Advanced_ML1;9;4;2;2;0;1200;0;0;37;0;0.0;0.0;0.0;0;
7cef8b9d-91d1-4130-8f00-6b1e1ef6b1f3;BOU_Basic_laser1;13;7;2;2;0;800;0;0;37;0;0.0;0.0;0.0;0;
1b1c05cc-836f-44b5-b43f-2cce8526314f;WEAPONS_CONTROL2;4;5;2;1;0;4000;0;0;7;1;
cd0eb957-37fc-4867-a1c9-936980b2b872;SENSORS3;11;8;2;1;0;2000;0;0;1;1;1;
6c3fbd0e-7cd0-43aa-82be-1a8b51832b3b;CAPACITOR5;9;6;2;1;0;14000;0;0;0;0;
c00b825c-db85-4184-acf8-7af8d4a5d9da;BOU_TELEPORT2;15;6;2;1;0;1000;2;1600;1;1;1;
