048599ad-25be-4335-ad1d-66f817e1b5c9;PILOTING3;10;4;2;1;0;10000;0;0;15;1;
bbd671ab-8f79-4493-a3b3-00c4bbbbbab1;REACTOR3;11;2;2;2;0;5000;0;0;37;0;1;
83814fb5-ea9b-4d65-8b33-bb4058cd1b67;Dual_laser1;8;5;2;2;0;800;0;0;39;0;0.0;0.0;0.0;0;
e60e8829-c80e-4d7d-a4f4-d851ea70a265;Dual_laser1;2;2;2;2;0;800;0;0;47;0;0.0;0.0;0.0;0;
ecc72b38-a281-479f-8bfb-753e919525a7;CAPACITOR3;4;6;2;1;0;6000;0;0;0;0;
b1f1d769-bba3-4dfd-b8e2-a108846b7b04;OXYGEN1;12;4;2;1;0;1000;1;0;1;1;1;
a7956fcd-29b7-4591-9f55-c5e2a5b3643f;SENSORS1;1;4;2;1;0;1000;0;0;1;1;1;
a7ae322a-b3bb-4cda-8b45-bf81a0509a5f;DOOR_CONTROL1;8;4;2;1;0;1000;0;0;14;1;1;
c0903d88-ce25-4851-a751-5c6682db4f07;HYPERDRIVE1;8;2;2;2;0;1000;0;0;37;0;1;
8e595c11-9868-438c-846b-5c3d92fdb543;MEDICAL1;5;4;2;1;0;2000;1;0;13;1;
dac543fb-c5ba-48e3-81dd-8847febdcda8;ENGINES2;3;4;2;1;0;1400;0;0;16;1;1;
ac5a48bd-3d70-4405-8da3-d0fead37ed53;SHIELDS3;2;5;2;2;0;3000;6;0;47;0;1;
3bec74bd-40ba-4654-8dba-59d98ef3f68b;REPAIR2;6;2;2;2;0;2000;1;0;52;1;
2f988d92-8008-4f29-a72b-1846d8a4887e;REPAIR1;4;2;2;1;0;2000;1;0;1;1;
