61574fbf-96ff-41ff-a54e-dee14f49ef1b;PILOTING1;14;5;2;1;0;5000;0;0;7;1;
42fe7b9d-013d-41e3-bddc-13ed4d1a2ae6;BOU_REACTOR4;3;8;2;2;0;8000;0;0;40;0;1;
b4aa612d-2c98-4bee-8a85-9863d6ffcbf3;OXYGEN1;8;5;2;1;0;1000;1;0;2;1;1;
6459d59d-ce8d-4abb-9774-462ef163f9af;DOOR_CONTROL5;4;6;2;1;0;5000;0;0;13;1;1;
26969c71-404b-4fa4-b2e0-aa9af410d5bf;ENGINES8;4;7;2;1;0;2800;0;0;9;1;1;
af46de0e-24c2-480f-9502-096feb6ac9d3;HYPERDRIVE1;6;7;2;2;0;1000;0;0;45;0;1;
3a0cb121-3072-4cf8-8201-f72286e71d8d;BOU_SHIELDS4;11;7;2;2;0;4000;8;0;39;0;1;
b4647068-e9fe-451c-bbf5-3d979b1bae88;BOU_Basic_ML1;6;4;2;2;0;800;0;0;45;0;0.0;0.0;0.0;0;
66a7e0be-3559-461a-b214-f6f03c711e88;BOU_Advanced_ML2;3;3;2;2;0;1400;0;0;38;0;0.0;0.0;0.0;0;
48b7ca44-cf70-4547-a5aa-4e5630f20c0d;Breacher3;11;4;2;2;0;1900;0;0;37;0;0.0;0.0;0.0;0;
b2590722-a40d-4daa-ad0e-dd37d9ed5518;WEAPONS_CONTROL2;4;5;2;1;0;4000;0;0;11;1;
e6dc193b-6f06-41c9-a7e0-5c00888a7df2;SENSORS2;13;4;2;1;0;2000;0;0;2;1;1;
09075cf2-8a3b-41a9-aa44-f50e0cc8f810;CAPACITOR1;2;6;2;1;0;2000;0;0;0;0;
fcdff860-dcfc-4aaa-b1db-ac153f9610ca;BOU_TELEPORT2;13;8;2;1;0;1000;2;1600;3;1;1;
