4bd87b3d-da10-42e8-b0c9-a1262c86a037;PILOTING2;4;7;2;1;0;10000;0;0;6;1;
3f51b151-6c9e-416b-ba80-30d40c3c18b0;BOU_REACTOR4;13;4;2;2;0;8000;0;0;38;0;1;
2e20a09f-23cb-4b29-81d6-3f0c304c8a90;OXYGEN3;11;4;2;1;0;1000;3;0;1;1;1;
24c5c4ba-8425-435e-803f-020f21c8ce3f;DOOR_CONTROL2;11;6;2;1;0;2000;0;0;1;1;1;
9450aab2-ec8e-4ba7-94ed-59ee08ecb923;ENGINES8;15;6;2;1;0;2800;0;0;1;1;1;
77d56df0-b379-494e-b8ba-cce92430b837;HYPERDRIVE3;3;3;2;2;0;4000;0;0;38;0;1;
ef5a0fd4-2831-4784-b99b-82ff237715d1;SHIELDS3;9;7;2;2;0;3000;6;0;39;0;1;
89992098-dd60-41c7-8441-802a84b32954;BOU_Cluster_ML1;9;4;2;2;0;1000;0;0;37;0;0.0;0.0;0.0;0;
3a996fba-ecbd-43b6-9b07-07b5d475ee25;Hull_Breaker4;3;8;2;2;0;2100;0;0;40;0;0.0;0.0;0.0;0;
6b6b287e-dd97-4c3f-8192-638bb0272462;Napalm1;13;7;2;2;0;1500;0;0;37;0;0.0;0.0;0.0;0;
e43ba386-7710-406c-8983-0cc4c3f0aa81;WEAPONS_CONTROL1;2;6;2;1;0;2000;0;0;1;1;
880b26c9-e5bd-4947-b9ed-585564aba9df;SENSORS1;7;5;2;1;0;1000;0;0;2;1;1;
c59d5304-cd22-42ed-b71a-e2a5fa4d432c;CAPACITOR3;11;8;2;1;0;6000;0;0;0;0;
