b71b3843-189d-4253-8282-deb9b3f60b5c;PILOTING1;5;5;2;1;0;5000;0;0;4;1;
b8332a66-4ade-4438-8d63-2536a58a3e4f;BOU_REACTOR4;2;6;2;2;0;8000;0;0;46;0;1;
10ae89b3-4a43-4ffd-81b6-cc3b582af336;OXYGEN1;10;5;2;1;0;1000;1;0;1;1;1;
074a3b16-672c-47ae-9c5b-220ac7b4cec4;DOOR_CONTROL4;6;4;2;1;0;4000;0;0;5;1;1;
fe29a29d-2bfa-4c5f-b329-de176d92b4f7;ENGINES5;3;5;2;1;0;2200;0;0;5;1;1;
05d6c325-3a4d-484d-a11c-8922ba2d0336;HYPERDRIVE1;5;2;2;2;0;1000;0;0;38;0;1;
a685d85c-9365-411d-a7ad-c74947eebcee;BOU_SHIELDS5;5;7;2;2;0;5000;10;0;40;0;1;
118b126e-df59-4660-bf33-747dfc5500ea;BOU_Quad_laser2;12;4;2;2;0;2600;4;3520;45;1;352.0;10296.0;12216.0;0;
09e05809-f4b4-448d-9acc-17a488b4f655;BOU_Quad_laser1;8;5;2;2;0;2400;4;3680;37;1;352.0;10440.0;12120.0;0;
8fe574e7-3050-4fea-8f86-7862754bf0d7;BOU_CAN_OPENER2;2;3;2;2;0;1200;2;1920;46;1;356.0;10372.7998046875;12261.1201171875;0;
acce8b3f-6eca-482a-a9e5-6a8554a33511;WEAPONS_CONTROL2;3;2;2;1;0;4000;0;0;2;1;
a55824eb-154a-41ce-bcfe-a1c5e40c22a5;SENSORS3;3;8;2;1;0;2000;0;0;3;1;1;
