09a6f7a8-9910-49dc-9071-99834ae9c4dd;PILOTING3;1;4;2;1;0;10000;0;0;1;1;
acc2edfa-e731-4d3c-85fd-4a5dcb95b82e;SHIELDS2;6;5;2;2;0;2000;4;0;51;0;1;
379b99d3-2d52-4f12-9317-b1b63386fe14;REACTOR3;8;2;2;2;0;5000;0;0;37;0;1;
741a27d3-700d-4442-90d4-3ae881216e85;REPAIR1;3;4;2;1;0;2000;1;0;16;1;
47069e03-82b8-4030-8f3e-0a75e3c83391;MEDICAL2;4;6;2;1;0;4000;2;0;1;1;
e891eb5a-e007-40c8-9a32-0d840a0e3a2a;ENGINES4;10;4;2;1;0;2000;0;0;15;1;1;
4818319f-511e-4156-a2c0-c31fd80c7881;OXYGEN1;8;4;2;1;0;1000;1;0;14;1;1;
5e9f3ade-d208-4589-ad05-eaef5f7f8b94;HYPERDRIVE2;11;5;2;2;0;3000;0;0;39;0;1;
2446ef63-8895-479f-8ce9-bcd5c840cf17;CAPACITOR3;4;2;2;1;0;6000;0;0;0;0;
93ca23ab-6e3f-4bd0-ba6f-139b5a6add54;SENSORS1;12;4;2;1;0;1000;0;0;1;1;1;
43e2d03a-7d71-4237-ba6f-ae41cab6ef92;DOOR_CONTROL1;5;4;2;1;0;1000;0;0;13;1;1;
86f84c28-9c75-4cc4-991e-8bf309e3194a;Dual_laser1;11;2;2;2;0;800;0;0;37;0;0.0;0.0;0.0;0;
880b806a-220c-403a-bacb-7a1e427e7660;Heavy_laser3;2;2;2;2;0;1200;0;0;47;0;0.0;0.0;0.0;0;
905efbf3-3e2c-4d8d-a00f-2dd7ac9715bc;DRONE_SHOP;8;5;2;2;0;10000;0;0;39;1;5;12;
