116cb303-1444-4ce1-8625-8adcb5342f18;PILOTING1;5;4;2;1;0;5000;0;0;13;1;
be2d0739-e020-413a-a5d0-e30e06a1d3fd;BOU_REACTOR4;11;5;2;2;0;8000;0;0;39;0;1;
883e8a3e-2222-40dc-bd77-4b81994a5848;OXYGEN1;3;4;2;1;0;1000;1;0;16;1;1;
ab395143-b5f4-4f06-aef7-e2437a93931a;DOOR_CONTROL2;4;6;2;1;0;2000;0;0;1;1;1;
2463f136-ef94-46df-8f57-52438b1fe3f0;ENGINES5;4;2;2;1;0;2200;0;0;1;1;1;
987bfb74-e492-474d-a840-c59afbd9663a;BOU_HYPERDRIVE2;11;2;2;2;0;3000;0;0;37;0;1;
71517dae-b2f4-4f94-aea1-60d68f2c1ff1;SHIELDS5;8;5;2;2;0;5000;10;0;39;0;1;
507e1263-37c5-42ac-9d6d-803f3c1d0612;BOU_Pierce_laser1;2;5;2;2;0;1300;2;1520;47;1;221.0;2616.0;2952.0;0;
6e474e13-2e4a-4f3e-ac4f-8f2921ce2dbf;BOU_Hull_Breaker2;6;5;2;2;0;1700;2;1840;51;1;221.0;2856.0;3000.0;0;
02dba66c-0c49-436f-8a02-4fad38dd6bcf;BOU_Basic_laser2;6;2;2;2;0;1000;1;520;52;1;220.0;2712.0;3096.0;0;
9634fb3a-e73d-4301-bf3d-2beadd58f756;BOU_Single_emp1;8;2;2;2;0;900;2;1440;37;1;221.0;2904.0;3096.0;0;
77b210d7-e769-4d72-bc96-c43c2287558c;Dual_laser1;2;2;2;2;0;800;2;1440;47;1;221.0;2424.0;2904.0;0;
91c04fc9-670a-40c8-becb-517345530d50;WEAPONS_CONTROL1;12;4;2;1;0;2000;0;0;1;1;
27c0376d-78f5-42e8-badf-913bd52bbad2;SENSORS3;8;4;2;1;0;2000;0;0;14;1;1;
86859a0c-c946-4a68-a1da-882e0db5c638;MEDICAL3;10;4;2;1;0;6000;3;0;15;1;
