46202b22-09a1-49aa-8e7b-63c96d99716f;PILOTING1;10;6;2;1;0;5000;0;0;14;1;
001475c9-ed6c-4e70-846c-97d6a56a7b48;BOU_REACTOR4;14;4;2;2;0;8000;0;0;37;0;1;
7b86b654-b58b-484d-82b0-787b5bf2a5c6;OXYGEN1;3;5;2;1;0;1000;1;0;14;1;1;
d6d04a11-8352-4ce2-b11e-0d956f296a3c;DOOR_CONTROL1;5;5;2;1;0;1000;0;0;1;1;1;
61badbcd-489d-48b2-b1ff-d12cb7b9fa73;BOU_ENGINES4;11;4;2;1;0;2000;0;0;1;1;1;
89141011-ce5a-4e5a-ba82-6c8446b7e77a;HYPERDRIVE3;7;5;2;2;0;4000;0;0;51;0;1;
99f81115-b5dd-417f-87bf-08843fe057c4;BOU_SHIELDS5;12;5;2;2;0;5000;10;1530;40;0;1;
7ad69e4a-704c-4e01-bb08-f95cd2438e1c;Basic_laser2;2;6;2;2;0;1000;1;517;47;0;264.0;4920.0;2136.0;0;
7e9cf540-d12c-43f2-91e6-8d82a0a26c4e;Napalm1;9;4;2;2;0;1500;2;1600;59;1;259.0;4392.0;2184.0;0;
d4f229f5-4823-4fd7-9f00-ba176cc61ee5;Pierce_laser2;2;3;2;2;0;1500;2;198;47;0;263.0;4680.0;1656.0;0;
fe23cda7-8c31-4f63-965b-6ea5eecb7a7d;WEAPONS_CONTROL1;7;4;2;1;0;2000;0;0;2;1;
d11ee765-ddde-467f-846e-253c52b59270;SENSORS2;4;7;2;1;0;2000;0;0;1;1;1;
