b797a508-4814-4187-b5c7-1c828eef1a31;PILOTING2;9;6;2;1;0;10000;0;0;14;1;
860072f3-f6a3-4de8-a3b2-45113b10b786;BOU_REACTOR4;9;4;2;2;0;8000;0;0;37;0;1;
772d97f4-4bcc-4481-ad5a-98b83bb1baec;OXYGEN2;4;7;2;1;0;2000;2;0;6;1;1;
8d2fd533-e460-4220-a11e-5588d3758ae3;DOOR_CONTROL2;4;5;2;1;0;2000;0;0;7;1;1;
adf5e0a3-579e-4711-be84-69f3be93cd61;ENGINES3;4;6;2;1;0;1800;0;0;15;1;1;
e5b3a66a-4172-4be1-91ed-c5db8268415d;HYPERDRIVE2;9;7;2;2;0;3000;0;0;39;0;1;
73081edb-aacd-4412-96ad-12b4fa155436;BOU_SHIELDS5;13;7;2;2;0;5000;10;0;37;0;1;
14143f0f-398c-4968-acc8-6faf78192431;Breacher1;13;4;2;2;0;1500;2;146;38;0;43.0;8664.0;8808.0;0;
e5969e4b-1475-4c29-b71b-346a897822e8;BOU_Heavy_Dual_laser1;3;8;2;2;0;1500;3;1935;40;0;41.0;8616.0;8664.0;0;
2b09db31-96dd-4856-965c-ea65be52d138;BOU_Advanced_ML3;3;3;2;2;0;1400;1;95;38;0;41.0;8664.0;8856.0;0;
6e847b61-afb9-4576-881b-a2a64280ba1e;WEAPONS_CONTROL2;7;7;2;1;1;582;0;0;3;1;
46ac9cb6-276e-42ec-ba1f-0b54118ad78f;SENSORS2;6;6;2;1;0;1897;0;0;13;1;1;
06f2b49f-5bc0-40b8-ab96-d0389056077f;CAPACITOR3;7;5;2;1;0;6000;0;0;0;0;
