b96df6e1-576b-47d2-a263-87efdd479c14;PILOTING1;7;5;2;1;0;5000;0;0;13;1;
14569e29-7544-471c-8e21-0a1d1e27a524;BOU_REACTOR4;12;6;2;2;0;8000;0;0;38;0;1;
d3253f8e-5b6c-402c-8eef-8fda2ccd8b30;OXYGEN2;2;4;2;1;0;2000;2;0;3;1;1;
45260ce4-66c7-4cbc-b149-27c4551fec08;DOOR_CONTROL3;2;6;2;1;0;3000;0;0;2;1;1;
fdaf9cd8-8232-4486-9ccf-d9de0e2c8994;ENGINES2;4;4;2;1;0;1400;0;0;13;1;1;
a80df704-20ee-4b61-a117-71851f9821d3;BOU_HYPERDRIVE3;2;2;2;2;0;4000;0;0;38;0;1;
5466c2ec-e1f2-4f85-b354-d1b228715530;BOU_SHIELDS4;2;7;2;2;0;4000;8;0;40;0;1;
c35b9874-00d5-45c4-bb18-05621c30a57e;Pierce_laser1;5;7;2;2;0;1300;2;806;39;0;276.0;3720.0;648.0;0;
843ed7ab-8078-440a-8966-f47fa0b9c98e;BOU_Dual_laser2;5;2;2;2;0;1000;2;256;37;0;279.0;4200.0;744.0;0;
53df50fa-eb7e-4017-8db4-5cbf36252668;Napalm1;12;3;2;2;0;1500;2;564;37;0;276.0;4008.0;696.0;0;
4a83bebb-adda-4afd-9f2e-a891b4521c39;WEAPONS_CONTROL1;8;6;2;1;0;2000;0;0;3;1;
6a10a6f2-f38b-4ef1-bafd-1d878f88cda0;SENSORS1;10;4;2;1;0;1000;0;0;3;1;1;
