ee03f63c-8431-4a6b-85d2-419c890552ac;PILOTING2;4;7;2;1;0;10000;0;0;6;1;
fb8a0d13-aa4b-4b04-ba4c-726c5ffe7db1;BOU_REACTOR4;9;4;2;2;0;8000;0;0;37;0;1;
7b066011-a877-49dd-8648-0476ba3fd359;OXYGEN2;13;6;2;1;0;2000;2;0;1;1;1;
14a9b5be-e4c0-440e-820d-41ee9c9cd936;DOOR_CONTROL2;11;4;2;1;0;2000;0;0;1;1;1;
113d21a3-3fdc-4b5a-a3a2-4cba7d03049a;BOU_ENGINES4;2;6;2;1;0;2000;0;0;1;1;1;
eddee685-bbf3-4366-abcd-6fab5553b594;BOU_HYPERDRIVE4;3;8;2;2;0;5000;0;0;40;0;1;
451ab20c-a7b0-4c71-ac27-81d43726bc27;SHIELDS3;13;4;2;2;0;3000;6;0;38;0;1;
30e39503-8148-480c-b8af-3c9ed31e4a97;BOU_Cluster_ML1;13;7;2;2;0;1000;0;0;37;0;0.0;0.0;0.0;0;
fe717323-8a49-48e5-8181-c39218c26c0b;Dual_emp2;9;7;2;2;0;1200;0;0;39;0;0.0;0.0;0.0;0;
59203772-2e43-481d-bf96-0e934d02a8af;WEAPONS_CONTROL2;7;7;2;1;0;4000;0;0;3;1;
a9c3c644-68c2-4479-bcdb-d55006f2c25f;SENSORS4;11;6;2;1;0;4000;0;0;1;1;1;
7cdd10b7-7f07-4d8a-8a7a-fd749d38bd64;CAPACITOR2;7;5;2;1;0;4000;0;0;0;0;
