424c5386-9d66-4f4d-bc37-53816b67823a;PILOTING3;3;4;2;1;0;10000;0;0;16;1;
28bab907-aaca-4365-89d4-c857b989020a;SHIELDS2;2;5;2;2;0;2000;4;0;47;0;1;
23c40fb4-b38e-448d-8c25-75916eb131b4;REACTOR3;6;2;2;2;0;5000;0;0;52;0;1;
d81adb40-b38f-4088-8433-2b221b7687cd;SYS_SHOP;8;2;2;2;0;10000;0;0;37;1;139;SENSORS1:CAPACITOR5:Triple_laser2:MEDICAL1:Breacher2:CAN_OPENER2:;
1f162c0a-54e1-494d-a4c0-7f8328a6b3cf;REPAIR1;12;4;2;1;0;2000;1;0;1;1;
a2f140ab-ef8c-456e-ac6f-9630709fcaba;MEDICAL2;10;4;2;1;0;4000;2;0;15;1;
fac61651-b341-4b69-a0b1-67024b8b58aa;ENGINES4;8;4;2;1;0;2000;0;0;14;1;1;
ac536002-e6cc-4fae-a9ce-8044b03c42e8;OXYGEN1;5;4;2;1;0;1000;1;0;13;1;1;
e298e53e-10ee-461f-bc4a-420519c2e9a6;HYPERDRIVE2;11;2;2;2;0;3000;0;0;37;0;1;
4991a6a6-e18b-4848-8bcf-ba3549b47e4e;CAPACITOR3;1;4;2;1;0;6000;0;0;0;0;
911ae87a-7414-46ea-b3d2-346047f8581c;SENSORS1;4;2;2;1;0;1000;0;0;1;1;1;
0418c291-754e-4392-9c5c-c00f4d4f920a;DOOR_CONTROL1;4;6;2;1;0;1000;0;0;1;1;1;
d5341b6a-34c9-4f04-94a7-409e0c03f005;Dual_laser1;2;2;2;2;0;800;2;1440;47;1;209.0;6792.0;10344.0;0;
3a02f4bd-eb6a-46bc-8336-060efce29f8c;Heavy_laser3;8;5;2;2;0;1200;1;560;39;1;208.0;7272.0;10440.0;0;
