038e9266-93fc-4775-8f06-8f211ec878c6;PILOTING1;13;8;2;1;0;5000;0;0;3;1;
5d148bec-0563-419d-97e5-e2f826cf583b;BOU_REACTOR4;3;8;2;2;0;8000;0;0;40;0;1;
68825efb-2746-471b-a453-c9a0ed8fcabf;OXYGEN2;14;5;2;1;0;2000;2;0;7;1;1;
1ff5f0b3-e11d-4c65-86c4-7682bf47cb20;DOOR_CONTROL4;15;6;2;1;0;4000;0;0;5;1;1;
fda9ec9f-8894-4512-a9f2-febcb03855ca;ENGINES5;4;6;2;1;0;2200;0;0;13;1;1;
b8a1bbc2-73cc-42e9-b51c-094d8b128fa1;BOU_HYPERDRIVE1;3;3;2;2;0;1000;0;0;38;0;1;
1d363e9f-372f-4522-bc5b-5d3224ad7921;BOU_SHIELDS5;11;4;2;2;0;5000;10;0;37;0;1;
17aa58f7-3845-4f70-9e49-f5ad174b338e;BOU_Pierce_laser3;6;7;2;2;0;1700;2;1360;45;1;50.0;8712.0;13080.0;0;
c84f74a1-953d-4f33-a395-69b8b345d2b3;Napalm4;6;4;2;2;0;2100;2;1360;45;1;45.0;9048.0;13032.0;0;
a0f7b4a1-4b8d-46be-83bd-253f5de70330;BOU_Breacher3;11;7;2;2;0;1900;2;1360;39;1;56.0;8472.0;13080.0;0;
76f17c54-9683-4b6b-bc8b-ac2d1f2fc3e8;WEAPONS_CONTROL1;11;6;2;1;0;2000;0;0;16;1;
dae0da28-637a-4477-a244-0c0434a39b55;SENSORS2;2;6;2;1;0;2000;0;0;1;1;1;
9d1cd529-5013-487e-812f-59e765b8e425;CAPACITOR4;13;6;2;1;0;12000;0;0;0;0;
ef096030-623c-4a31-90bd-099cfa2ffe89;BOU_TELEPORT2;9;6;2;1;0;1000;2;1600;14;1;1;
