d73e3d2a-ad0e-4a22-852a-2b7f12163bd6;TELEPORT2;7;7;2;1;0;1000;2;1600;2;1;1;
52eed8f4-77bc-4683-8491-68a17a7bcf8f;PILOTING1;9;6;2;1;0;5000;0;0;3;1;
c6e554e4-2007-493a-8719-8728a6430cea;BOU_REACTOR4;4;4;2;2;0;8000;0;0;50;0;1;
e618d5da-c34e-4566-b45e-139b903c5b37;OXYGEN2;2;8;2;1;0;2000;2;0;3;1;1;
430710eb-1b13-4096-8e81-577ccc825262;DOOR_CONTROL4;8;8;2;1;0;4000;0;0;3;1;1;
0057780f-ef6c-48d4-9a1d-9779afa7bc3f;BOU_ENGINES8;9;7;2;1;0;2800;0;0;2;1;1;
e2daee45-93a2-4d07-92c7-cc75b63ee5ec;HYPERDRIVE3;3;10;2;2;0;4000;0;0;47;0;1;
ba284f6b-299f-4030-8b6b-1dcbee40aa82;SHIELDS4;2;6;2;2;0;4000;8;0;46;0;1;
6f313e2b-4be6-4a00-9ac2-a61251eee87c;Cluster_ML3;3;2;2;2;0;1500;3;2880;47;1;203.0;1032.0;3240.0;0;
04b3fd3c-041f-4571-8100-79e624ba5d5e;BOU_Plasma_Cannon3;5;6;2;2;0;2400;5;715;57;0;106.0;6600.0;12600.0;0;
58f7d25a-44ba-48ac-804d-eb8f6f04ba29;BOU_Advanced_ML1;4;8;2;2;0;1200;1;680;48;1;201.0;984.0;3144.0;0;
b00c1d52-d543-4c5b-9dba-9d91450813b6;WEAPONS_CONTROL1;7;6;2;1;0;2000;0;0;3;1;
11b1ff98-a255-4753-9024-bf458421db16;SENSORS1;5;11;2;1;0;1000;0;0;1;1;1;
98c08f1a-7039-4bdc-b9e4-4a4c14f19c13;CAPACITOR1;8;5;2;1;0;2000;0;0;0;0;
