6b5c3632-0759-49be-a46a-d2aa7d35c470;MEDICAL2;14;5;2;1;0;2360;2;0;14;0;
ed836a31-42fe-4804-b7c8-323ff7d3aad9;PILOTING2;11;4;2;1;0;10000;0;0;14;1;
3320cfc4-b3d8-4dfe-8bea-bc341ca09648;BOU_REACTOR4;7;7;2;2;1;0;0;0;50;0;1;
698f986a-0e8f-449b-92b8-d80d7a1f05d8;OXYGEN2;6;1;2;1;0;1000;2;0;2;0;1;
d4dfcfd8-41b5-4fc1-9b21-9077214a16a1;DOOR_CONTROL3;11;7;2;1;1;0;0;0;14;1;1;
99fed1f9-0d6c-410a-8760-da24e676d93e;ENGINES3;14;6;2;1;1;0;0;0;14;1;1;
307b2b30-464c-4c08-9c7f-c4e1b7cbcad7;BOU_HYPERDRIVE3;7;3;2;2;0;4000;0;0;48;0;1;
55523d93-4c86-459d-bd0b-70456be31dbb;BOU_SHIELDS2;10;8;2;2;1;0;4;0;56;0;1;
40dd0bf2-32a8-44b4-8d62-3c728b39a0f1;Cluster_ML3;9;5;2;2;0;1500;3;2880;45;1;281.0;4152.0;7176.0;0;
feadd4b9-b972-4af3-aa56-17154e44ea9b;BOU_Railgun1;5;5;2;2;1;228;3;0;46;0;0.0;0.0;0.0;0;
c8fdb175-942b-47dd-962e-3880f0736024;WEAPONS_CONTROL2;8;2;2;1;0;4000;0;0;2;1;
03560e40-27aa-4766-a048-403320fe0377;SENSORS3;6;10;2;1;1;0;0;0;3;1;1;
2adfa321-edc9-49da-b169-6ff157b625cd;CAPACITOR5;8;9;2;1;1;0;0;0;0;0;
