640dbca6-ef4c-4892-8d10-f0e82e51795b;PILOTING3;4;6;2;1;0;10000;0;0;1;1;
87ea5a4c-f2b8-43a0-9e55-59544b00ca8a;REACTOR3;6;2;2;2;0;5000;0;0;52;0;1;
a6e6fa22-7b1d-4069-a2cc-269613069d16;Dual_laser1;8;2;2;2;0;800;0;0;37;0;0.0;0.0;0.0;0;
0918df48-b659-4f3b-97cd-d19148efba36;Dual_laser1;6;5;2;2;0;800;0;0;51;0;0.0;0.0;0.0;0;
a1a4dcc5-b6df-4d64-b837-9ebde8338d58;CAPACITOR3;8;4;2;1;0;6000;0;0;0;0;
55f6e2f8-3206-4b6e-a17e-1456aee38b5d;OXYGEN1;3;4;2;1;0;1000;1;0;16;1;1;
a23ab837-5ff4-4f46-880a-8bd1502297ab;SENSORS1;10;4;2;1;0;1000;0;0;15;1;1;
1d6bdc4c-9f9a-4a7a-a1e1-0658032e64b0;DOOR_CONTROL1;5;4;2;1;0;1000;0;0;13;1;1;
94cc52bd-5b1d-4b75-8c20-39a325c7da9d;HYPERDRIVE2;11;5;2;2;0;3000;0;0;39;0;1;
1813a0ff-8dac-4c66-bbda-f6a95e45d36a;MEDICAL1;12;4;2;1;0;2000;1;0;1;1;
b0a35637-e095-4b70-b1bd-ac3050ffd19b;ENGINES3;1;4;2;1;0;1800;0;0;1;1;1;
9600291f-b3bc-4d91-8544-b34d3cc0bc15;SHIELDS3;11;2;2;2;0;3000;6;0;37;0;1;
6215a06f-a52b-4e3b-b7c8-554b56f3825f;DRONE_SHOP;8;5;2;2;0;10000;0;0;39;1;2;10;
3f2a9aa9-fc74-40bf-a857-eda81e27c87a;DRONE_SHOP2;4;2;2;1;0;10000;0;0;1;1;4;11;
