0fed38da-a6f6-4d29-b824-f36b1b8937d9;PILOTING2;8;7;2;1;0;10000;0;0;3;1;
547827e1-57e0-429d-a056-bfd279d6ae80;BOU_REACTOR4;6;4;2;2;0;8000;0;0;45;0;1;
bef4e17c-6eb5-4bf4-94cb-a062d2ffa090;OXYGEN1;14;5;2;1;0;1000;1;0;7;1;1;
777644f6-1400-4ab3-bf99-ed2c8d68b6cd;DOOR_CONTROL2;15;6;2;1;0;2000;0;0;5;1;1;
faeaf18a-7f9e-48d4-b6a7-31eaf2be32d5;ENGINES7;2;6;2;1;0;2600;0;0;1;1;1;
ed8bd618-25d7-4a9d-a132-3e91cc45856b;HYPERDRIVE3;3;8;2;2;0;4000;0;0;40;0;1;
a7a232e2-9958-42f0-bb8b-d11a371156f7;SHIELDS5;3;3;2;2;0;5000;10;0;38;0;1;
0086975b-2dca-4400-8603-a1cbfe8dcc39;Single_emp3;11;7;2;2;0;1300;2;1280;39;1;354.0;8328.0;5640.0;0;
0240a384-29a6-405b-94e1-a7f5ecdb7b9f;BOU_Advanced_ML3;6;7;2;2;0;1400;1;519;45;0;354.0;8520.0;5592.0;0;
ab21959a-1053-4d17-b217-c0202475a5f4;BOU_Basic_ML1;11;4;2;2;0;800;1;662;37;0;351.0;8088.0;5592.0;0;
9f859393-e7f3-48c9-874c-b57c0c81787a;WEAPONS_CONTROL2;4;5;2;1;0;4000;0;0;11;1;
00d2e35c-45c0-4e10-95b2-ef247e0c25a8;SENSORS4;14;7;2;1;0;4000;0;0;6;1;1;
797cc842-5ce5-4a41-8d01-d5df51eaa19f;CAPACITOR5;4;7;2;1;0;14000;0;0;0;0;
