880da0fc-827b-4baf-bbbf-521a29d2b977;PILOTING3;8;4;2;1;0;10000;0;0;14;1;
4458523d-fcf7-406f-997a-75f376ca966c;REACTOR3;11;5;2;2;0;5000;0;0;39;0;1;
bd06f272-b5e4-42e7-8291-571f4390d597;Dual_laser1;2;2;2;2;0;800;0;0;47;0;0.0;0.0;0.0;0;
164b2a7d-cc2b-447c-833a-b39b7d3f1095;Dual_laser1;6;5;2;2;0;800;0;0;51;0;0.0;0.0;0.0;0;
68ea4bbb-4711-4c07-9a6a-864f7b2b8249;CAPACITOR3;5;4;2;1;0;6000;0;0;0;0;
03efaf39-970c-46ae-95e4-c64e83f22574;OXYGEN1;1;4;2;1;0;1000;1;0;1;1;1;
57bea900-8d68-43de-860a-796ca9b06733;SENSORS1;4;2;2;1;0;1000;0;0;1;1;1;
834a25b5-d973-45e9-97a8-4734cc0512b6;DOOR_CONTROL1;12;4;2;1;0;1000;0;0;1;1;1;
1d064cfb-c42d-4747-9176-f8a518d71ee1;HYPERDRIVE2;8;5;2;2;0;3000;0;0;39;0;1;
446f464a-f1d3-49af-971c-aa90bb57ae87;MEDICAL1;3;4;2;1;0;2000;1;0;16;1;
00007634-743e-498c-9aa8-1143091f4efd;ENGINES3;4;6;2;1;0;1800;0;0;1;1;1;
ec387ee5-6693-45ce-af3d-a78513fc1454;SHIELDS3;11;2;2;2;0;3000;6;0;37;0;1;
a53ad9d1-dbc6-4b07-9290-57373e9cfb6d;SHIPS_SHOP;2;5;2;2;0;10000;0;0;47;1;138;LS4 2 L2&83rgb55rgb28:LS4 2 L0&95rgb31rgb59:LS1 2 L2&53rgb41rgb31:;
9097a8d8-2ae1-4871-9659-fc5491f98855;SHIPS_SHOP;8;2;2;2;0;10000;0;0;37;1;86;HS4 1 L0&29rgb23rgb65:none:none:LS4 1 L0&94rgb38rgb49:LS4 1 L0&98rgb42rgb31:;
8e7e2acc-47d7-4553-bed0-bea988430cc8;MIS_SHOP;6;2;2;2;0;10000;0;0;52;1;3;37;
c2538e75-eadd-4910-a3b8-cb56e620ca5a;CAPACITOR3;10;4;2;1;0;6000;0;0;0;0;
