2a424229-b7cf-467a-8d8d-b482ff9923a6;PILOTING1;5;6;2;1;0;5000;0;0;1;1;
7297a64e-9964-4c39-b11c-2148ddb8bbb8;TELEPORT2;12;6;2;1;0;1000;2;1600;16;1;1;
58d42b97-6f56-4653-9770-2697822d0998;MEDICAL2;10;6;2;1;0;4000;2;0;14;1;
ce73a167-bbd5-426d-9837-45b5a4f07cfe;BOU_REACTOR4;5;9;2;2;0;8000;0;0;37;0;1;
6edb81a0-fb15-42b3-8de8-f03aa18d195d;OXYGEN2;7;6;2;1;0;2000;2;0;13;1;1;
40a61924-5c49-405e-a8df-a6d599abc140;DOOR_CONTROL4;16;6;2;1;0;4000;0;0;1;1;1;
924d672f-6a8c-4ee1-806a-c019fee91bbe;BOU_ENGINES3;14;6;2;1;0;1800;0;0;1;1;1;
bafa85fa-870d-41d0-ab54-295665773c26;BOU_HYPERDRIVE1;7;4;2;2;0;1000;0;0;42;0;1;
870a1021-6424-4859-a75f-20630fd27e21;BOU_SHIELDS2;9;7;2;2;0;2000;4;0;58;0;1;
d24cdd4e-4512-4125-80cf-6b5fc7e80fef;Heavy_laser4;7;7;2;2;0;1400;1;495;41;0;25.0;13320.0;2856.0;0;
768c7c83-bab4-4031-919f-e2608fa9f738;Single_emp3;9;4;2;2;0;1300;2;418;58;0;135.0;4104.0;7896.0;0;
a558993b-3248-4772-8717-96b8bab01b57;WEAPONS_CONTROL2;9;3;2;1;0;4000;0;0;2;1;
e0942e5a-1c3d-48f2-bea2-cd2d735fe081;SENSORS4;9;9;2;1;0;4000;0;0;3;1;1;
fc3c016b-3da1-4b2a-94ee-3ee3f2d1fcff;CAPACITOR1;7;9;1;2;0;2000;0;0;0;0;
