e1e179d8-494f-44b9-81c6-c70964b11ac1;PILOTING3;4;2;2;1;0;10000;0;0;1;1;
4452cf41-d88f-4470-bbdb-9d1121e41c08;SHIELDS3;6;5;2;2;0;3000;6;0;51;0;1;
84339483-c2ec-4c40-b76d-d8f9d7be6414;REACTOR3;6;2;2;2;0;5000;0;0;52;0;1;
96af6b96-ac83-411f-95ba-5227b356176f;Dual_laser1;11;2;2;2;0;800;0;0;37;0;0.0;0.0;0.0;0;
50f554ed-3af1-4b93-8897-b6b508f62f73;Dual_laser1;8;2;2;2;0;800;0;0;37;0;0.0;0.0;0.0;0;
d53c5b0d-e3d8-4791-8e1e-99ed99de5443;CAPACITOR3;10;4;2;1;0;6000;0;0;0;0;
df80ba31-a2c8-4486-9fe0-3ae616ebf877;ENGINES4;8;4;2;1;0;2000;0;0;14;1;1;
2b518eb9-0c99-40d5-98d5-796d0e458883;OXYGEN1;4;6;2;1;0;1000;1;0;1;1;1;
20221111-83db-4a99-a0e9-144fdd78f0de;SENSORS1;5;4;2;1;0;1000;0;0;13;1;1;
1965c627-9e5a-44d5-8843-c34598538bcd;DOOR_CONTROL1;12;4;2;1;0;1000;0;0;1;1;1;
dbe66c86-64ea-43f2-8296-b8862908e12f;HYPERDRIVE2;2;5;2;2;0;3000;0;0;47;0;1;
d90eb91f-fe24-4a11-8143-e3237cf4c403;DRONE_SHOP2;1;4;2;1;0;10000;0;0;1;1;5;13;
45463c7d-b37a-435a-bab0-8d284cbada89;REPAIR2;11;5;2;2;0;2000;1;0;39;1;
44ab8fb1-f3bf-48b9-9f59-c984f5fa7f0d;MIS_SHOP2;3;4;2;1;0;10000;0;0;16;1;2;9;
