2c9666a6-7f73-484b-8848-ee675455521e;PILOTING1;11;4;2;1;0;2241;0;0;1;1;
c4c9a0e0-b66e-4aa8-9443-326636500975;BOU_REACTOR4;9;7;2;2;0;8000;0;0;39;0;1;
4b3fd922-dacc-4a78-a6fa-3dbfc74df0cb;OXYGEN3;4;5;2;1;1;0;3;0;7;0;1;
3a81f4aa-a5b0-4f28-bd60-71d3faff27f7;DOOR_CONTROL2;2;6;2;1;1;0;0;0;1;1;1;
0f9cf8d6-b10e-46af-8467-85e796c94e7c;ENGINES6;13;6;2;1;0;400;0;0;1;1;1;
a84a287c-03fa-4a96-b152-239e441b86a4;BOU_HYPERDRIVE2;13;4;2;2;1;0;0;0;38;0;1;
e0789115-c7b1-4c88-821a-04e12b9b63bf;BOU_SHIELDS5;13;7;2;2;0;1513;10;0;37;0;1;
916b1e0f-f3dc-4edc-8541-06d0344d937e;Plasma_Cannon4;3;8;2;2;0;2295;5;5000;40;1;330.0;7416.0;8808.0;0;
69ce80fc-e978-4f46-981c-35fd12d8522b;Triple_laser3;9;4;2;2;1;0;3;0;37;0;0.0;0.0;0.0;0;
da7f138a-5a24-4fa4-8510-d43ab7b669ba;WEAPONS_CONTROL2;15;6;2;1;0;3010;0;0;1;1;
2b64a418-a2ca-44b0-89e5-46c7ef425ccb;SENSORS1;4;6;2;1;1;0;0;0;15;1;1;
d5406d87-3b26-4fec-b166-ee172d86e243;CAPACITOR4;11;6;2;1;0;9031;0;0;0;0;
