738833c4-a934-4080-bade-1bd291db4c8f;PILOTING2;4;2;2;1;0;10000;0;0;1;1;
f5eabc4e-d072-403d-b849-772241e6bca2;BOU_REACTOR4;2;2;2;2;0;8000;0;0;47;0;1;
824230c8-a7c2-44f1-86b0-63eee7da0267;OXYGEN2;5;4;2;1;0;2000;2;0;13;1;1;
6e8bbbd1-d1b5-4259-8594-019415cd89b2;DOOR_CONTROL4;10;4;2;1;0;4000;0;0;15;1;1;
5590f0fe-c806-4f2d-a9d8-6906ed3d098f;ENGINES5;8;4;2;1;0;2200;0;0;14;1;1;
1779af47-2455-4cab-89ed-bd01121b038e;BOU_HYPERDRIVE2;8;5;2;2;0;3000;0;0;39;0;1;
4bfe948b-29a2-4297-a533-9934a99eaa66;BOU_SHIELDS5;6;2;2;2;0;5000;10;0;52;0;1;
6c69bf0a-a263-4a63-988c-241e3c9a74f7;BOU_Triple_laser2;6;5;2;2;0;1700;3;2400;51;1;229.0;2616.0;2952.0;0;
f57df711-266a-4fb1-a58e-e6d1ae86d8f5;BOU_Basic_laser2;11;5;2;2;0;1000;1;520;39;1;226.0;2424.0;3144.0;0;
09bc1449-67db-43fa-ab64-6bd190d66af6;BOU_Pierce_laser1;8;2;2;2;0;1300;2;1520;37;1;229.0;2568.0;3000.0;0;
adfb9515-e397-42c3-a0c2-8c2470485732;Cluster_ML1;11;2;2;2;0;1000;3;3120;37;1;228.0;2472.0;2952.0;0;
5c92fd43-78ed-4a19-93b7-593f5df9a1b2;WEAPONS_CONTROL1;3;4;2;1;0;2000;0;0;16;1;
b57184d0-6669-4e11-b63f-763c3ee34a7b;SENSORS2;1;4;2;1;0;2000;0;0;1;1;1;
80fa5d9d-86b8-477c-a65a-7e34e95d1e05;MEDICAL3;12;4;2;1;0;6000;3;0;1;1;
