d924ac4a-a45c-44e1-980f-3f1004a82ed2;PILOTING1;11;8;2;1;0;5000;0;0;1;1;
469f8526-21df-462f-a6e5-2339c9e80f4b;BOU_REACTOR4;9;7;2;2;0;8000;0;0;39;0;1;
40d885f8-5635-4243-b884-657ae283d90d;OXYGEN2;13;6;2;1;0;2000;2;0;1;1;1;
f62f4bd1-ca1f-4a6a-963c-6c1115e7b321;DOOR_CONTROL5;4;7;2;1;0;5000;0;0;6;1;1;
504e8ee0-cca9-4fbd-aea3-6c3bcaf225c6;BOU_ENGINES6;11;4;2;1;0;2400;0;0;1;1;1;
ac2c4372-a884-4b02-af0c-630d5b143db6;BOU_HYPERDRIVE1;13;7;2;2;0;1000;0;0;37;0;1;
6029f251-07b7-481f-bcd9-1ab794c4fa61;SHIELDS3;3;3;2;2;0;3000;6;0;38;0;1;
10515871-31a3-40b7-a7d9-53c116a9ffcf;Basic_laser2;9;4;2;2;0;1000;0;0;37;0;0.0;0.0;0.0;0;
feffde58-7347-41c0-9f49-d6e063ba2e58;HULL_BEAM3;3;8;2;2;0;1400;0;0;40;0;0.0;0.0;0.0;0;
555365cd-cee0-47eb-ac12-514b2f8a6e0f;BOU_Single_emp4;13;4;2;2;0;1500;0;0;38;0;0.0;0.0;0.0;0;
bffd1f79-c790-42f5-9b73-1e3cc7e2df89;WEAPONS_CONTROL2;11;6;2;1;0;4000;0;0;1;1;
83dbf440-a32c-4533-adf2-5ae14348740c;SENSORS2;2;6;2;1;0;2000;0;0;1;1;1;
982b0c46-f905-45fc-a0fd-02bca9aaa201;CAPACITOR5;6;6;2;1;0;14000;0;0;0;0;
