6888e11c-7f1d-42d8-a4cb-4d4c53449cf0;PILOTING2;5;5;2;1;0;10000;0;0;4;1;
fba7005f-ffb9-4297-a85c-76a584fdf513;BOU_REACTOR4;12;4;2;2;0;8000;0;0;45;0;1;
604c97a0-3729-4224-a8dd-c36f8794ed06;OXYGEN1;15;5;2;1;0;1000;1;0;1;1;1;
5a864866-ff3d-4a66-9eb2-95f053ec5006;DOOR_CONTROL2;6;6;2;1;0;2000;0;0;14;1;1;
c875e478-a2a0-4703-9271-c761554117a5;ENGINES4;3;2;2;1;0;2000;0;0;2;1;1;
2f58a6bf-100c-41d3-827a-9ae5afce4bfc;BOU_HYPERDRIVE2;5;7;2;2;0;3000;0;0;40;0;1;
53e9c38b-935c-498c-a7c5-35afc319154f;SHIELDS5;2;3;2;2;0;5000;10;0;46;0;1;
64761a48-79c8-4dab-adae-b677e90e1fba;BOU_Hull_Breaker2;8;5;2;2;0;1700;2;1840;37;1;40.0;4824.0;10584.0;0;
72932e68-0e72-495d-8a1d-48db8161ddd4;BOU_FIRE_BEAM2;5;2;2;2;0;1100;2;1840;38;1;42.0;4465.92;10746.72;0;
59e4ba1b-a665-4f17-a441-061e8a6abc97;Hull_Breaker1;2;6;2;2;0;1700;2;1920;46;1;43.0;4584.0;10920.0;0;
02df21ef-341c-4604-ae08-8276feef202c;WEAPONS_CONTROL2;10;5;2;1;0;4000;0;0;1;1;
66e49cfc-ae3d-494a-bed3-a368385634e8;SENSORS3;3;8;2;1;0;2000;0;0;3;1;1;
