f28ab9cc-f518-495e-b20a-6fdbc7db484a;PILOTING1;10;6;2;1;0;5000;0;0;14;1;
25bc0117-84a4-466b-924b-ae2f88d0ce1b;BOU_REACTOR4;7;5;2;2;0;8000;0;0;51;0;1;
b276d9b9-cfd3-4643-8a70-320522847382;OXYGEN2;5;5;2;1;0;2000;2;0;1;1;1;
91376b98-dae7-44e6-b79e-712678bf879b;DOOR_CONTROL4;4;7;2;1;0;4000;0;0;1;1;1;
e4dbf7af-d1f0-47cb-9e85-5ed8a224a29d;ENGINES4;7;4;2;1;0;2000;0;0;2;1;1;
9f96c78f-c85c-4d64-83e7-99a3b4b02758;BOU_HYPERDRIVE3;14;4;2;2;0;4000;0;0;37;0;1;
76e5d349-5b52-4a66-a253-a857a1e7b44c;SHIELDS4;2;3;2;2;0;4000;8;1128;47;0;1;
fdd690f2-8a53-4822-a38e-0074caf11585;BOU_GAT_LASER1;2;6;2;2;0;900;3;1578;47;0;3.0;9601.92;3728.16;0;
8d168d58-f2c2-4cb0-958e-3d464c84311f;Basic_laser2;12;5;2;2;0;1000;1;187;40;0;4.0;9768.0;3816.0;0;
43c11ce4-10e1-4d4f-b25b-9bef281dda94;BOU_Cluster_ML1;9;4;2;2;0;1000;3;3120;59;1;3.0;9576.0;3720.0;0;
74cfc7e0-f267-4231-ad85-b615209fc739;WEAPONS_CONTROL2;3;5;2;1;0;4000;0;0;14;1;
bbc1ad9b-6de9-405e-bf43-d5c576e4a758;SENSORS2;11;4;2;1;0;2000;0;0;1;1;1;
