6e8fa673-5528-4d98-8933-d7c60e38e95b;PILOTING2;9;6;2;1;0;10000;0;0;14;0;
eda33bd0-3083-4249-a16a-fbd7b2603ee8;BOU_REACTOR4;13;7;2;2;0;8000;0;0;37;0;1;
d1b3d5ae-a48d-4188-a07b-0509616d85f1;OXYGEN1;4;6;2;1;0;1000;1;0;15;0;1;
6d4279f2-b535-45a3-9b01-41cb4a7301ab;DOOR_CONTROL2;7;7;2;1;0;2000;0;0;3;0;1;
7c5d9091-0c02-464b-a13d-c8cbb137d683;ENGINES3;11;8;2;1;0;1800;0;0;1;0;1;
e717d7a6-c5f2-4d07-984b-3c1bcf99e04f;BOU_HYPERDRIVE1;9;7;2;2;0;1000;0;0;39;0;1;
36d88a62-901f-42c8-adae-7e1dcb37bdb5;BOU_SHIELDS1;9;4;2;2;0;1000;0;0;37;0;1;
64b69bb9-10e5-4a8b-9edc-108c27a6ec1d;Basic_laser1;3;8;2;2;0;800;0;0;40;0;0.0;0.0;0.0;0;
bd874361-d3a0-40bc-80dc-21d636d60fba;Advanced_ML4;13;4;2;2;0;1600;0;0;38;0;0.0;0.0;0.0;0;
61d20ab1-5d7d-4b2c-b5cc-360132bf6c8c;WEAPONS_CONTROL2;11;6;2;1;0;4000;0;0;1;0;
187e687e-9d5c-4d42-9d7b-026fad6484b4;SENSORS4;7;5;2;1;0;4000;0;0;2;0;1;
bcf4562a-7921-49f5-b6dd-6b3a3e96fb24;CAPACITOR5;11;4;2;1;0;14000;0;0;0;0;
