f233c0a4-20e6-4f8f-bef6-e38a2c84435a;PILOTING3;1;4;2;1;0;10000;0;0;1;1;
7b3ff4ce-e9c2-4b84-b90c-1d72b5c3fabf;REACTOR3;2;2;2;2;0;5000;0;0;47;0;1;
30d5cece-e3ee-48e8-b302-fcbed78601e2;Dual_laser1;8;5;2;2;0;800;0;0;39;0;0.0;0.0;0.0;0;
62e1082a-c77a-4ac8-bddb-f859b9459e05;Dual_laser1;11;2;2;2;0;800;0;0;37;0;0.0;0.0;0.0;0;
538fe08e-c3db-4b55-b121-ee989c7b3606;CAPACITOR3;4;2;2;1;0;6000;0;0;0;0;
cb82f536-6dcd-4ff6-9af3-ddda62caa6e1;OXYGEN1;3;4;2;1;0;1000;1;0;16;1;1;
ed4a81eb-cbe2-4526-8e59-686f605575b0;SENSORS1;12;4;2;1;0;1000;0;0;1;1;1;
cf007980-a55d-40c0-a304-e5c87a849e67;DOOR_CONTROL1;8;4;2;1;0;1000;0;0;14;1;1;
969f283a-8c4f-4185-bf8a-39d29821b7ff;HYPERDRIVE1;6;5;2;2;0;1000;0;0;51;0;1;
079badd2-6288-4a8b-84e3-539b7627d846;MEDICAL1;10;4;2;1;0;2000;1;0;15;1;
3a9026a9-ff1e-4bca-88ae-f7ba5024661b;ENGINES2;5;4;2;1;0;1400;0;0;13;1;1;
3887509d-f9c0-4aff-8acb-6d51c0deda27;SHIELDS3;2;5;2;2;0;3000;6;0;47;0;1;
5a289fee-a057-48a1-a454-35e6fe029080;REPAIR2;11;5;2;2;0;2000;1;0;39;1;
ac2bbb30-d536-4057-b725-9fec357a0c99;REPAIR1;4;6;2;1;0;2000;1;0;1;1;
