58994e36-cea2-4b10-a9cb-0f81086ab5a1;PILOTING2;13;8;2;1;0;10000;0;0;3;1;
cb197701-88f3-47b7-bdfa-1757e22dd6e4;BOU_REACTOR4;6;4;2;2;0;8000;0;0;45;0;1;
3bbc7380-3491-43ac-bc89-d5b3259773e9;OXYGEN2;8;7;2;1;0;2000;2;0;3;1;1;
c5962d89-7577-4276-8e38-35d0540736d6;DOOR_CONTROL2;15;6;2;1;0;2000;0;0;5;1;1;
9753f78a-0260-4446-bc24-629d75e4600d;ENGINES4;2;6;2;1;0;2000;0;0;1;1;1;
4feb760a-8d9d-4fbb-9d85-a914896b946d;HYPERDRIVE4;6;7;2;2;0;5000;0;0;45;0;1;
2dca76d4-8a93-45cb-8fd9-9194468747fa;SHIELDS4;11;4;2;2;0;4000;8;0;37;0;1;
c5d1e036-2a15-4d7e-9546-08d8db366f98;BOU_Advanced_ML4;3;8;2;2;0;1600;1;560;40;1;171.0;6264.0;5400.0;0;
c5908ea2-c3a6-4b3e-b6d4-682ec6847c79;Dual_Launcher3;3;3;2;2;0;2300;3;2400;38;1;172.0;6648.0;5496.0;0;
10316b6c-4d6a-4b2f-9631-1919d0e9d0e4;Hull_Breaker2;11;7;2;2;0;1700;2;1840;39;1;171.0;6264.0;5544.0;0;
ca68103b-53f5-4ebb-b364-e08c154c29e3;WEAPONS_CONTROL1;4;6;2;1;0;2000;0;0;13;1;
d1dd5edf-9545-48ea-8c0d-9e55f8b47a41;SENSORS4;13;4;2;1;0;4000;0;0;2;1;1;
f71192da-983a-4875-ac31-2827193d157f;CAPACITOR3;14;7;2;1;0;6000;0;0;0;0;
