418a800f-85bc-40f6-b47d-d0245e891d86;PILOTING3;12;11;2;1;0;10000;0;0;8;1;
729c1718-17de-4f7d-9d00-f5e17b22adf5;REACTOR3;14;2;2;2;0;5000;0;0;45;0;1;
35bd542d-0c99-4e1a-a137-486e1bf24584;Dual_laser1;9;8;2;2;0;800;0;0;57;0;0.0;0.0;0.0;0;
dd28c1a1-6b75-4f0d-a565-63b0e250afc2;Dual_laser1;3;7;2;2;0;800;0;0;42;0;0.0;0.0;0.0;0;
ae93722d-1cb7-460f-b81e-10bb5ab352df;CAPACITOR3;11;9;2;1;0;6000;0;0;0;0;
7879b9f0-5e37-4f1b-8c03-ed37d3eb254d;OXYGEN1;9;3;2;1;0;1000;1;0;14;1;1;
eb97c3dd-bb58-4474-889b-e4b10075cfaf;SENSORS1;6;12;2;1;0;1000;0;0;1;1;1;
542eeba1-b530-4b39-a3c2-702aa9c9ed3c;DOOR_CONTROL1;8;12;2;1;0;1000;0;0;3;1;1;
2d5af77d-5de2-4a0f-86f8-bc97a4ce1ef8;HYPERDRIVE1;14;9;2;2;0;1000;0;0;38;0;1;
88b7a2f7-69ed-4bf8-8e94-900913f36cfc;MEDICAL1;16;3;2;1;0;2000;1;0;2;1;
6fd31396-c145-4f51-9b1e-751652e6eccf;ENGINES2;18;5;1;2;0;1400;0;0;21;1;1;
106ab9c1-142a-4ee7-acd0-3931e88ac4fb;SHIELDS3;11;2;2;2;0;3000;6;0;45;0;1;
96ad4b06-44bc-419b-99e3-4145b5aaab64;REPAIR1;9;4;1;2;0;2000;1;0;19;1;
ae755163-13a2-4b87-9e2b-98274eb9dea7;REPAIR1;9;6;1;2;0;2000;1;0;19;1;
3fd139f6-4bff-4716-af8d-18e0bc9c64f5;REPAIR1;5;12;1;2;0;2000;1;0;20;1;
ffb51739-792d-48c3-9eb0-7f04ccbe5677;CAPACITOR1;13;9;1;2;0;2000;0;0;0;0;
