cff63beb-e721-4cbf-b85b-eaa7a69a1093;PILOTING3;1;4;2;1;0;10000;0;0;1;1;
1adaebb0-f263-4645-b291-50aa4966c638;SHIELDS3;2;5;2;2;0;2100;6;0;47;0;1;
9cd7d6ee-e498-4b9b-baec-10c4668bf5f8;REACTOR3;8;5;2;2;0;3620;0;0;39;0;1;
31801fa5-d092-4c29-9ac0-0e65332a2457;Dual_laser1;11;5;2;2;1;0;0;0;39;0;0.0;0.0;0.0;0;
e85469b4-1d3a-4ac1-98fe-9f5c7e758504;Dual_laser1;8;2;2;2;1;0;0;0;37;0;0.0;0.0;0.0;0;
be059af3-142a-439b-bf82-4900676c4dd1;CAPACITOR3;8;4;2;1;0;4905;0;0;0;0;
cb971179-1a19-4b84-94ea-9c1cc584657d;ENGINES4;5;4;2;1;0;350;0;0;13;1;1;
c71883b8-9cdb-4a77-be7b-88a2f4f6510a;OXYGEN1;12;4;2;1;1;0;1;0;1;0;1;
ebb70635-250d-494b-aad8-fa848b9c5eda;SENSORS1;10;4;2;1;0;295;0;0;15;1;1;
dd7ae0aa-2942-48ee-b798-09f0d69700c5;DOOR_CONTROL1;4;2;2;1;0;1000;0;0;1;1;1;
4bce1476-764c-452c-a65f-81e0a6554157;HYPERDRIVE2;6;5;2;2;0;2940;0;0;51;0;1;
9f4e7c8c-a041-429a-bba6-e47d11018b48;DRONE_SHOP2;4;6;2;1;0;10000;0;0;1;1;5;17;
2e79630e-30c8-456e-bd5b-1ddfcbae57f3;REPAIR2;6;2;2;2;0;875;1;0;52;1;
ed8262c5-3f6f-42c9-99b4-66dbb42ec8f7;MIS_SHOP2;3;4;2;1;0;8710;0;0;16;1;2;16;
