e3e61eef-5303-4dc3-a82c-a2cb0eaa68a9;PILOTING3;8;4;2;1;0;10000;0;0;14;1;
babb3283-3966-4dc9-9038-dd931f559e76;REACTOR3;6;2;2;2;0;5000;0;0;52;0;1;
7310fa8f-9ed4-4347-b0de-29f00e919bbb;Dual_laser1;2;2;2;2;0;800;0;0;47;0;0.0;0.0;0.0;0;
130edfa4-5251-409c-9ba9-4ecab611d822;Dual_laser1;8;2;2;2;0;800;0;0;37;0;0.0;0.0;0.0;0;
44266570-67c5-4e0f-b915-76b34b73afa2;CAPACITOR3;10;4;2;1;0;6000;0;0;0;0;
6bf68ef7-5d19-4f57-a7c9-6208f442ebda;OXYGEN1;1;4;2;1;0;1000;1;0;1;1;1;
b3e07332-9258-42d3-a0e8-dd899b0e04fe;SENSORS1;5;4;2;1;0;1000;0;0;13;1;1;
7f8a25f6-37f7-44e4-9ec1-1a2214c75d68;DOOR_CONTROL1;12;4;2;1;0;1000;0;0;1;1;1;
0754e4e6-6eb7-4ac0-971e-f5ca107f4a97;HYPERDRIVE1;8;5;2;2;0;1000;0;0;39;0;1;
2a412319-b4fc-4365-b60f-fa045989f2b0;MEDICAL1;4;6;2;1;0;2000;1;0;1;1;
126f4b21-7d56-49cf-96cc-3ebbaf4286b2;ENGINES2;4;2;2;1;0;1400;0;0;1;1;1;
d1e2af3f-7bdd-4019-acf4-670bffe0c358;SHIELDS3;11;5;2;2;0;3000;6;0;39;0;1;
409b2c5c-897c-4ab1-b0b5-5686eb2e7673;REPAIR2;11;2;2;2;0;2000;1;0;37;1;
82feb2fe-80e4-482d-a9f3-0145ec40fa9d;REPAIR1;3;4;2;1;0;2000;1;0;16;1;
