49ccfd6a-358e-4f8b-9864-1d4c24375c33;MEDICAL2;1;4;2;1;0;4000;2;0;8;1;
95ab8e98-02bb-4cbb-8cb0-4d6c87c4e51d;PILOTING2;12;8;2;1;0;10000;0;0;6;1;
e6d7060a-8616-42a9-923a-2305c1b5fc77;BOU_REACTOR4;12;6;2;2;0;8000;0;0;46;0;1;
4a0d1cca-52d7-480d-8754-9ebc50cfdf9b;OXYGEN2;11;9;2;1;0;2000;2;0;3;1;1;
717f8cd8-d0c3-480f-a77d-9e9329199ba5;DOOR_CONTROL2;8;8;2;1;0;2000;0;0;2;1;1;
6ee6d6ac-6b0b-44e8-919d-54b232d36dc2;BOU_ENGINES5;10;3;2;1;0;2200;0;0;1;1;1;
f77e9b2d-2c15-4965-a81f-67e4879064fd;BOU_HYPERDRIVE3;8;2;2;2;0;4000;0;0;38;0;1;
6e21c426-e8e1-4bff-976e-2e8090cc2df8;BOU_SHIELDS3;12;3;2;2;0;3000;6;0;38;0;1;
bfe67465-7722-4ca0-950f-a723f7c1c577;SENSORS3;13;5;2;1;0;2000;0;0;5;1;1;
1cb927a1-4b15-4f21-a4ed-297fb9432c76;WEAPONS_CONTROL2;1;3;2;1;0;4000;0;0;11;1;
