eecb2cb5-9b95-46a0-b98b-bc1d6fcf4ad1;PILOTING3;5;4;2;1;0;10000;0;0;13;1;
1c10d986-df03-46f2-a91a-353d235bd079;REACTOR3;11;5;2;2;0;5000;0;0;39;0;1;
62137daf-1e0b-4468-ae15-238670276b31;Dual_laser1;6;5;2;2;0;800;2;456;51;0;268.0;5592.0;4056.0;0;
7095edb4-e532-4f80-80c0-3cefe0ff2896;Dual_laser1;2;5;2;2;0;800;2;456;47;0;270.0;5736.0;4200.0;0;
92a6b89f-ce05-49b2-8ef9-7a993290d144;CAPACITOR3;3;4;2;1;0;6000;0;0;0;0;
8557774c-f921-478a-9e01-211a0ba59204;OXYGEN1;12;4;2;1;0;1000;1;0;1;1;1;
98152ad2-25c2-4fe2-be05-4bb3c95e0b0b;SENSORS1;8;4;2;1;0;1000;0;0;14;1;1;
e287c04e-4adf-4c06-9d15-6672ad037a1c;DOOR_CONTROL1;4;6;2;1;0;1000;0;0;1;1;1;
469e1174-7a3e-4d09-b6d3-fccce22a97d7;HYPERDRIVE2;6;2;2;2;0;3000;0;0;52;0;1;
f81e62d3-cd0a-49d2-ace9-19e32f8576e5;MEDICAL1;1;4;2;1;0;2000;1;0;1;1;
ac491f4b-6874-4dc2-8f8e-8b53447e6dc1;ENGINES3;4;2;2;1;0;1800;0;0;1;1;1;
af611b75-7faf-4705-9955-6923ea664644;SHIELDS3;11;2;2;2;0;3000;6;0;37;0;1;
beeba63d-b400-493e-998a-b09cf513380c;SHIPS_SHOP;8;2;2;2;0;10000;0;0;37;1;104;LS1 1 L0&70rgb51rgb99:LS4 2 L2&99rgb45rgb90:LS1 1 L0&63rgb35rgb77:LS4 1 L0&25rgb88rgb91:;
4bb3e043-ab3c-4830-910d-deac262103e8;SHIPS_SHOP;2;2;2;2;0;10000;0;0;47;1;87;LS1 2 L0&73rgb97rgb98:LS1 1 L0&39rgb41rgb47:none:HS5 2 L0&52rgb28rgb46:;
13c20217-15d3-4ac3-b384-ead830d89c18;MIS_SHOP;8;5;2;2;0;10000;0;0;39;1;3;27;
f3cc08c8-8dea-4449-be78-4fb44f453f0e;CAPACITOR3;10;4;2;1;0;6000;0;0;0;0;
