fc54fb42-c50d-4c5d-8d8e-17539217a254;TELEPORT2;2;5;2;1;0;1000;2;1600;2;1;1;
abe1558d-c980-4651-97fc-a10dd14813d3;PILOTING2;9;7;2;1;0;10000;0;0;2;1;
14c537ee-b7ba-438e-b9c3-aee8bea989d7;BOU_REACTOR4;3;2;2;2;0;8000;0;0;47;0;1;
d9f1d695-bc4f-42bd-8e62-75c1e781e64c;OXYGEN1;7;6;2;1;0;1000;1;0;3;1;1;
c6c97066-c7b4-4cec-834e-54610e7f1285;DOOR_CONTROL3;5;2;2;1;0;3000;0;0;1;1;1;
1173a195-ebfd-48d8-8be9-1c170755849c;ENGINES8;7;7;2;1;0;2800;0;0;2;1;1;
27f0350c-43cc-4ce7-83ce-1783ea5d01c6;HYPERDRIVE2;4;4;2;2;0;3000;0;0;50;0;1;
e1b57ed0-f0df-4d4e-929e-e21577a6fb63;BOU_SHIELDS5;3;10;2;2;1;0;10;0;47;0;1;
59b79066-9aff-41cb-92bf-11717077893a;BOU_FIRE_BEAM2;4;8;2;2;0;1100;2;1840;48;1;241.0;4826.88;3349.92;0;
569719c8-7e5a-4d42-bafc-5e926896103d;Dual_laser1;2;6;2;2;0;800;2;1440;46;1;249.0;5304.0;3384.0;0;
00a73fd1-c51d-43ce-b2fd-2c8f4582cf26;Dual_emp2;5;6;2;2;0;1200;2;1360;57;1;245.0;5160.0;3432.0;0;
243b5b5c-db7b-40b5-9e19-e62186c48d29;WEAPONS_CONTROL1;8;8;2;1;0;2000;0;0;3;1;
dc6604ca-818a-4c3d-8d79-976be7d3e5d3;SENSORS2;9;6;2;1;0;2000;0;0;3;1;1;
febc9c8e-05a4-42a2-9bdb-681e82f68ffd;CAPACITOR4;8;5;2;1;0;12000;0;0;0;0;
