797886a7-0afd-4ab5-bafd-ef6d3cb33396;PILOTING3;3;4;2;1;0;10000;0;0;16;1;
28eade42-1692-4361-9b61-660479a3d06b;SHIELDS2;11;5;2;2;0;2000;4;0;39;0;1;
4701db63-6d30-498a-9154-2742393f984a;REACTOR3;2;5;2;2;0;5000;0;0;47;0;1;
d5f11386-0178-474b-bc94-98eae5bdfcf4;SYS_SHOP;6;5;2;2;0;10000;0;0;51;1;103;FIRE_BEAM2:PLASMA_CUTTER1:ENGINES2:Quad_laser3:MEDICAL1:;
90301c4d-bbda-436d-97ac-f08ac8e0f3ba;REPAIR1;12;4;2;1;0;2000;1;0;1;1;
31f3a32f-4e33-4196-95ed-5ad3b9b54ad4;MEDICAL2;10;4;2;1;0;4000;2;0;15;1;
73988df5-0739-4826-8a8b-675ef02cd477;ENGINES4;8;4;2;1;0;2000;0;0;14;1;1;
115aa37f-ac9a-46b8-83db-8a8248850499;OXYGEN1;4;6;2;1;0;1000;1;0;1;1;1;
fabe56b1-a7d0-4ffa-8c6b-6c2299975dc2;HYPERDRIVE2;2;2;2;2;0;3000;0;0;47;0;1;
3e736a5c-b6ad-4ab9-b689-81d8251543e4;CAPACITOR3;5;4;2;1;0;6000;0;0;0;0;
1bc96769-dd64-4563-baf4-b53f7afec96e;SENSORS1;1;4;2;1;0;1000;0;0;1;1;1;
823c52e8-4d16-45d4-ba95-c8a278455963;DOOR_CONTROL1;4;2;2;1;0;1000;0;0;1;1;1;
63363e98-6af2-42fc-a386-20ec73326e8b;Dual_laser1;8;5;2;2;0;800;0;0;39;0;0.0;0.0;0.0;0;
7a4111ac-6ee7-4ec4-b82b-e0c7e0f30e90;Heavy_laser3;11;2;2;2;0;1200;0;0;37;0;0.0;0.0;0.0;0;
