e3f1563e-4d23-42cd-bc4b-03d3aa61816e;PILOTING1;13;8;2;1;0;5000;0;0;3;1;
db7b21e9-74ee-4b71-bd77-2816696c89ce;BOU_REACTOR4;6;7;2;2;0;8000;0;0;45;0;1;
254aae04-de9d-4ec1-988f-0cf1cb7d972f;OXYGEN3;4;7;2;1;0;1000;3;0;9;1;1;
9f41cd8c-ffcb-4cb8-a630-db56d58f6202;DOOR_CONTROL4;13;4;2;1;0;4000;0;0;2;1;1;
ba738f28-6147-44e4-8ce8-7d4772f87231;BOU_ENGINES3;14;7;2;1;0;1800;0;0;6;1;1;
9acd8d1c-7d43-475d-8451-d8066b33ac28;HYPERDRIVE4;3;8;2;2;0;5000;0;0;40;0;1;
89fe3c78-5838-4ea2-aba7-8aac02cab78d;SHIELDS3;6;4;2;2;0;3000;6;0;45;0;1;
e2396296-253d-4674-ac8d-c7907bf232bc;BOU_Napalm2;11;7;2;2;0;1700;0;0;39;0;0.0;0.0;0.0;0;
76765e35-ca42-4f16-874f-618e95af3145;BOU_Basic_laser1;11;4;2;2;0;800;0;0;37;0;0.0;0.0;0.0;0;
9d07b406-180b-4c5b-bb6b-ebfb967d23eb;BOU_Basic_laser3;3;3;2;2;0;1200;0;0;38;0;0.0;0.0;0.0;0;
856c8709-877c-459e-826c-a090f6ef4d52;WEAPONS_CONTROL1;13;6;2;1;0;2000;0;0;1;1;
d2f97b96-c789-4d01-b9c9-886742dd76eb;SENSORS4;8;5;2;1;0;4000;0;0;2;1;1;
4f780a1d-9665-4743-9984-e3b03d627a49;CAPACITOR1;2;6;2;1;0;2000;0;0;0;0;
