59e50322-9947-456c-909e-699281996309;PILOTING3;1;4;2;1;0;10000;0;0;1;1;
8716c2ed-5972-4c18-a4a3-cd4e00d27e86;REACTOR3;8;5;2;2;0;5000;0;0;39;0;1;
7e26aee4-8234-4dbd-8292-fe09f40303cf;SHIELDS3;6;5;2;2;0;3000;6;0;51;0;1;
7097aff8-78f2-4b1e-8c7c-89723a4e2f65;Dual_laser1;11;2;2;2;0;800;0;0;37;0;0.0;0.0;0.0;0;
a9fd53ca-3767-48c9-a798-ab0ef9c485a0;Dual_laser1;8;2;2;2;0;800;0;0;37;0;0.0;0.0;0.0;0;
3221b39b-e92a-46f2-bb86-ba9620d2ed23;CAPACITOR3;12;4;2;1;0;6000;0;0;0;0;
261721e6-29d9-4841-b96b-602823f7155b;OXYGEN1;3;4;2;1;0;1000;1;0;16;1;1;
60a11c49-8cb8-4548-bbde-35ed1a487cf5;SENSORS1;4;2;2;1;0;1000;0;0;1;1;1;
9ceb3683-2a96-448e-a189-c57d9af0ce9b;DOOR_CONTROL1;8;4;2;1;0;1000;0;0;14;1;1;
0e1e353c-5673-42f2-ab9a-dc3def6fdc7e;HYPERDRIVE2;2;5;2;2;0;3000;0;0;47;0;1;
bc884a85-0e69-4d9b-974a-3cef083411be;REPAIR1;4;6;2;1;0;2000;1;0;1;1;
cdda64a8-72ae-4076-b0d4-fdae8b904cb5;MEDICAL1;5;4;2;1;0;2000;1;0;13;1;
68644f39-6b87-40b8-9508-68c45e16f679;ENGINES3;10;4;2;1;0;1800;0;0;15;1;1;
7807d73a-de15-43bd-9790-8fa6c59bb6e8;MIS_SHOP;2;2;2;2;0;10000;0;0;47;1;5;26;
