da7e7144-fc68-4f8f-91be-d6a68420ed79;PILOTING3;8;4;2;1;0;10000;0;0;14;1;
805c0bcd-765b-4c04-8b5b-221831680c42;REACTOR3;11;5;2;2;0;5000;0;0;39;0;1;
7479d7b3-4131-496c-a8a8-7a77adb6ce06;SHIELDS3;6;2;2;2;0;3000;6;0;52;0;1;
389d19d8-a99e-4510-afc5-279c0c085bf8;Dual_laser1;2;2;2;2;0;800;0;0;47;0;0.0;0.0;0.0;0;
0917d63f-eff3-49a0-a8d1-2129fcbdc6ae;Dual_laser1;2;5;2;2;0;800;0;0;47;0;0.0;0.0;0.0;0;
463bf3b7-ebb6-4cc5-8189-7d8b2a26b341;CAPACITOR3;1;4;2;1;0;6000;0;0;0;0;
595b20b6-6e6f-414c-b4e3-950effc9810d;OXYGEN1;4;2;2;1;0;1000;1;0;1;1;1;
1bf91247-b4b4-442c-9e99-016531701c89;SENSORS1;12;4;2;1;0;1000;0;0;1;1;1;
4b91639f-5aed-407e-ad9a-1af715a92ac6;DOOR_CONTROL1;3;4;2;1;0;1000;0;0;16;1;1;
c519347e-76db-4383-a8c3-cc57f29a3eec;HYPERDRIVE2;8;5;2;2;0;3000;0;0;39;0;1;
54338507-96f8-4098-b063-6dc5ca53abbe;REPAIR1;4;6;2;1;0;2000;1;0;1;1;
b0ba6178-a9ac-4404-9c1d-c496665c2a9c;MEDICAL1;10;4;2;1;0;2000;1;0;15;1;
d89ddd98-2901-4ad6-ad0e-fe943d1866b8;ENGINES3;5;4;2;1;0;1800;0;0;13;1;1;
a52da2ec-fecf-4ba1-8151-25cf47ffe96c;MIS_SHOP;11;2;2;2;0;10000;0;0;37;1;5;21;
