bf5beb75-ef3d-4357-869c-268fe2e0170a;PILOTING3;1;4;2;1;0;10000;0;0;1;1;
3367423f-ec61-40c5-8aa1-7abe51b05f14;REACTOR3;2;2;2;2;0;5000;0;0;47;0;1;
93ad9cbb-bfa0-4914-bf50-a1836e3d31a1;Dual_laser1;6;5;2;2;0;800;0;0;51;0;0.0;0.0;0.0;0;
5c7450c3-a374-439d-ae2d-b391c134c6ff;Dual_laser1;6;2;2;2;0;800;0;0;52;0;0.0;0.0;0.0;0;
5bf5a9b6-e50d-4655-9a4a-525804986438;CAPACITOR3;8;4;2;1;0;6000;0;0;0;0;
8bf07ed5-8b6c-4f52-98da-7898f3ea8552;OXYGEN1;10;4;2;1;0;1000;1;0;15;1;1;
c133f160-d2e6-4d53-bc72-b33c8365dc4e;SENSORS1;12;4;2;1;0;1000;0;0;1;1;1;
f4ed32c5-3113-48ff-bc33-dab2eafea348;DOOR_CONTROL1;4;2;2;1;0;1000;0;0;1;1;1;
09d1e8a8-9e70-429e-b6bf-a20deeeed92a;HYPERDRIVE2;11;5;2;2;0;3000;0;0;39;0;1;
7fff2c3b-c609-430d-92a8-a2003c0b0cf7;MEDICAL1;4;6;2;1;0;2000;1;0;1;1;
e2cb9cbf-5bd3-4aa2-b5fc-5a988297f24f;ENGINES3;3;4;2;1;0;1800;0;0;16;1;1;
b8c4c43b-1f11-4300-a80b-0ec0115cad83;SHIELDS3;11;2;2;2;0;3000;6;0;37;0;1;
dfe192ea-0ec0-428d-905c-455fa1ef3ccb;SHIPS_SHOP;2;5;2;2;0;10000;0;0;47;1;128;none:LS4 2 L2&46rgb38rgb58:;
fbd2edae-db17-4188-a21b-dd6eca40e11c;MIS_SHOP;8;5;2;2;0;10000;0;0;39;1;5;30;
7c371add-c0c0-47a8-90cc-1d24e17d6aca;REPAIR1;5;4;2;1;0;2000;1;0;13;1;
