ecc3b56f-f313-453f-92ce-49610c699273;PILOTING3;5;4;2;1;0;10000;0;0;13;1;
398c5e35-7adc-4fa4-b893-eb3a263f67ec;REACTOR3;8;2;2;2;0;5000;0;0;37;0;1;
c2245961-93d8-4598-a9f2-3f446f8b2f05;Dual_laser1;2;5;2;2;0;800;0;0;47;0;0.0;0.0;0.0;0;
23f9b496-0184-4109-9bc8-0bca37120a3c;Dual_laser1;6;5;2;2;0;800;0;0;51;0;0.0;0.0;0.0;0;
cb373857-f85a-4c5a-8390-a1bcc49fc2c9;CAPACITOR3;1;4;2;1;0;6000;0;0;0;0;
aa6ea988-0175-4ef4-8818-5cc4e11a0462;OXYGEN1;10;4;2;1;0;1000;1;0;15;1;1;
38aa58b3-b4b5-499f-bfb4-028c37819e7d;SENSORS1;4;6;2;1;0;1000;0;0;1;1;1;
aa9f08e8-10f4-48ed-815a-effabe22810b;DOOR_CONTROL1;3;4;2;1;0;1000;0;0;16;1;1;
5f29d406-f4f4-4163-a007-74b7f0b6af5f;HYPERDRIVE2;2;2;2;2;0;3000;0;0;47;0;1;
a1aab033-d611-42c5-be64-93cb5a3a2175;MEDICAL1;8;4;2;1;0;2000;1;0;14;1;
8d8e6d03-8a0d-4fee-b4b7-7b2bbc2f7d76;ENGINES3;4;2;2;1;0;1800;0;0;1;1;1;
9fb6d0b2-13fc-4377-a666-013ef754b284;SHIELDS3;11;5;2;2;0;3000;6;0;39;0;1;
16746c91-d918-47d9-946a-fe96f1ac884e;DRONE_SHOP2;12;4;2;1;0;10000;0;0;1;1;4;12;
585afb60-2e42-43a5-85e0-978d38cbd44c;SYS_SHOP;8;5;2;2;0;10000;0;0;39;1;77;Cluster_ML3:CAPACITOR1:SENSORS4:CAN_OPENER1:;
