9704970c-b4f9-4c95-9476-8192a8b0c61f;PILOTING1;10;6;2;1;0;5000;0;0;2;1;
4ee516c6-afc6-489e-bb64-b6228210b716;BOU_REACTOR4;5;2;2;2;0;8000;0;0;37;0;1;
3b7dcdb4-81fe-4758-adb4-3cba6b718fb3;OXYGEN1;10;4;2;1;0;1000;1;0;3;1;1;
56f44b06-0763-4491-a84c-fcbd271a61c7;DOOR_CONTROL1;8;4;2;1;0;1000;0;0;2;1;1;
1a0032d8-f8f0-46c3-a93a-52b6cb2ae7fd;BOU_ENGINES3;4;4;2;1;0;1800;0;0;13;1;1;
2c381143-8681-4292-bd12-3aaaafbc0a27;HYPERDRIVE2;2;7;2;2;0;3000;0;0;40;0;1;
78bed50b-726e-44df-b956-f972d8962a74;SHIELDS3;12;6;2;2;0;3000;6;0;38;0;1;
2388741a-feff-469b-9dce-0e10c2f09981;Basic_laser3;12;3;2;2;0;1200;1;480;37;1;135.0;8952.0;12984.0;0;
243306dc-4f3f-40c7-8870-d212dbff62b7;BOU_Emp2;5;7;2;2;0;1100;2;1600;39;1;133.0;8712.0;12984.0;0;
776a4c2c-36c1-4933-ba7f-4e2f27c99390;Pierce_laser1;2;2;2;2;0;1300;2;1520;38;1;135.0;8520.0;13032.0;0;
8a2d0a7b-5952-417a-b125-40afc496c96a;WEAPONS_CONTROL1;2;6;2;1;0;2000;0;0;2;1;
bb3ba2bb-dbbf-43a3-a8fd-04aae49c43e7;SENSORS1;4;6;2;1;0;1000;0;0;13;1;1;
