643e4d00-60ea-4ed4-b8e6-c85ade2c5e77;PILOTING2;5;5;2;1;0;10000;0;0;14;1;
a5efef9a-cce1-4cba-9f30-ce91f5db6a63;BOU_REACTOR4;12;6;2;2;0;8000;0;0;38;0;1;
c6c6dae5-0546-47f2-81cd-3661747fce30;OXYGEN2;10;4;2;1;0;2000;2;0;3;1;1;
f75cf5ce-d8c0-4985-bc44-d35dee46df1a;DOOR_CONTROL1;8;6;2;1;0;1000;0;0;3;1;1;
95962279-e8ff-4d46-a799-52152f39d88c;ENGINES5;8;4;2;1;0;2200;0;0;2;1;1;
89473a14-8848-4eb8-8983-8739b006642a;HYPERDRIVE2;2;2;2;2;0;3000;0;0;38;0;1;
42193fb3-3897-4e05-b007-ce4c6435d36d;BOU_SHIELDS4;2;7;2;2;0;4000;8;0;40;0;1;
2fe82de0-b297-4535-9c08-cf15dbe0452c;BOU_Dual_laser1;5;2;2;2;0;800;0;0;37;0;0.0;0.0;0.0;0;
61869cfc-c3dc-48d1-879a-4e8a6605c5bf;Railgun1;12;3;2;2;0;1000;0;0;37;0;0.0;0.0;0.0;0;
3c93a050-8a2c-4cdd-bd29-5c495d0c4735;BOU_Pierce_laser3;5;7;2;2;0;1700;0;0;39;0;0.0;0.0;0.0;0;
cc2675d7-c65a-441a-a579-369986f46352;WEAPONS_CONTROL1;4;4;2;1;0;2000;0;0;13;1;
8904173e-3701-4089-b437-f879e4f9932a;SENSORS2;2;6;2;1;0;2000;0;0;2;1;1;
