fa4cd294-c554-400e-84c8-98c36813ae0a;PILOTING3;10;4;2;1;0;10000;0;0;15;1;
d0f4ffa0-2804-404d-a8b8-88043fc89f87;REACTOR3;8;2;2;2;0;5000;0;0;37;0;1;
43723fda-2e79-4415-bd94-fcd7f20b93d2;Dual_laser1;2;2;2;2;0;800;0;0;47;0;0.0;0.0;0.0;0;
9e4c3946-4a2e-4945-ad73-c2a4a86ac7c5;Dual_laser1;11;2;2;2;0;800;0;0;37;0;0.0;0.0;0.0;0;
78043a9b-8e6d-432a-91dd-6701f4b89308;CAPACITOR3;4;6;2;1;0;6000;0;0;0;0;
22ea5b2a-ede9-4271-8bfe-ca7d74f6ec6c;OXYGEN1;1;4;2;1;0;1000;1;0;1;1;1;
d0167714-7a0b-42a7-a3e8-45e33a3d090b;SENSORS1;3;4;2;1;0;1000;0;0;16;1;1;
fa58b6d6-e370-45e5-8c37-6f7d7ac73a06;DOOR_CONTROL1;4;2;2;1;0;1000;0;0;1;1;1;
e6fa0edf-10a7-4b66-ad1c-80be5fbd9517;HYPERDRIVE2;11;5;2;2;0;3000;0;0;39;0;1;
60075324-9aad-4ff5-9cd0-a27d59cdc375;MEDICAL1;5;4;2;1;0;2000;1;0;13;1;
37919e88-f5b4-4426-bbd0-2e33403d0011;ENGINES3;12;4;2;1;0;1800;0;0;1;1;1;
62c11a99-2a76-47b9-81ff-2a64d63607e5;SHIELDS3;6;2;2;2;0;3000;6;0;52;0;1;
af20383b-1c5c-4912-b115-b093817d9556;DRONE_SHOP;6;5;2;2;0;10000;0;0;51;1;4;8;
235645cb-c51d-41cd-8bfa-00750a1922f4;DRONE_SHOP2;8;4;2;1;0;10000;0;0;14;1;4;14;
