ffeb5de7-6364-469f-a2b6-eec7c6a262ee;PILOTING3;3;4;2;1;0;10000;0;0;16;1;
5404a657-ad18-434a-a6db-2b903cfa8052;REACTOR3;8;5;2;2;0;5000;0;0;39;0;1;
12ef1a71-9b3c-4b1f-988b-f218ca74066b;Dual_laser1;6;2;2;2;0;800;0;0;52;0;0.0;0.0;0.0;0;
2c9f525b-221f-4e51-9815-55c25db0dd7c;Dual_laser1;11;2;2;2;0;800;0;0;37;0;0.0;0.0;0.0;0;
30c23cd7-857a-4078-ad75-6ef3093adc3b;CAPACITOR3;1;4;2;1;0;6000;0;0;0;0;
d8d1683d-b93d-4979-9413-0798d84a78b1;OXYGEN1;12;4;2;1;0;1000;1;0;1;1;1;
bb1c4568-87ac-4cfd-ac4b-8a9b3c191666;SENSORS1;4;2;2;1;0;1000;0;0;1;1;1;
ed13c286-a6f6-4645-a45d-824625e55322;DOOR_CONTROL1;5;4;2;1;0;1000;0;0;13;1;1;
28c65e4d-d107-4dfb-b509-01ba0ecf80f0;HYPERDRIVE2;2;2;2;2;0;3000;0;0;47;0;1;
bf628ddd-1799-4073-a67d-20e001be221f;MEDICAL1;4;6;2;1;0;2000;1;0;1;1;
79dddc00-a8dc-45a9-a99e-3f417703995f;ENGINES3;10;4;2;1;0;1800;0;0;15;1;1;
aa184319-6aa3-41fd-911f-646ccaa5d20d;SHIELDS3;2;5;2;2;0;3000;6;0;47;0;1;
bfcf2e11-667c-43be-852a-702c6619aee6;MIS_SHOP2;8;4;2;1;0;10000;0;0;14;1;2;16;
