2ab09298-16c4-4844-b626-6e9b2ed84bbc;PILOTING3;11;9;2;1;0;10000;0;0;1;1;
5719da5a-50d7-4244-a7c0-8823a19423cd;REACTOR3;14;2;2;2;0;5000;0;0;45;0;1;
360bef2b-996c-40b3-9b08-90f1633d88f7;Dual_laser1;14;9;2;2;0;800;0;0;38;0;0.0;0.0;0.0;0;
387c0c5a-683d-42ca-ba41-40ff980bf12d;Dual_laser1;3;7;2;2;0;800;0;0;42;0;0.0;0.0;0.0;0;
768085c8-bab6-42a2-b991-c4c9afc7b52e;CAPACITOR3;9;3;2;1;0;6000;0;0;0;0;
b445d75b-a10a-4860-b4f4-240ef1df62e1;OXYGEN1;8;12;2;1;0;1000;1;0;3;1;1;
3c103bcb-dd2d-4798-9737-9d8f1481d4db;SENSORS1;12;11;2;1;0;1000;0;0;8;1;1;
b06248cf-ab55-4921-a536-a441483ef7a7;DOOR_CONTROL1;6;12;2;1;0;1000;0;0;1;1;1;
cfdd380d-d34f-4a1f-8cf6-f7bd5b3c5e4a;HYPERDRIVE1;9;8;2;2;0;1000;0;0;57;0;1;
c9ae8f16-2a09-4d3c-b5c9-e0d196dac512;MEDICAL1;16;3;2;1;0;2000;1;0;2;1;
efb9d9a3-7bf8-4c30-8299-d3d54b2eaf51;ENGINES2;13;3;1;2;0;1400;0;0;23;1;1;
65b6faac-bac9-4e77-940f-ccb2b1ec46a6;SHIELDS3;11;2;2;2;0;3000;6;0;45;0;1;
3c8bc7ca-faee-4cae-a425-973c46313b9e;REPAIR1;5;12;1;2;0;2000;1;0;20;1;
c8d4533b-0723-4be4-bc03-33ff02b5939a;REPAIR1;9;4;1;2;0;2000;1;0;19;1;
5ff26db7-9612-4908-8100-5e125d4793e3;REPAIR1;13;9;1;2;0;2000;1;0;31;1;
674f4d81-cd35-4cc6-a16a-5fcc8834c5aa;CAPACITOR1;9;10;1;2;0;2000;0;0;0;0;
