9a45a0eb-a22a-40b3-bc7a-62ff70d30227;PILOTING3;12;4;2;1;0;10000;0;0;1;1;
4caaac7f-e818-41a8-9ded-523da78b970d;REACTOR3;11;2;2;2;0;5000;0;0;37;0;1;
aa566802-1581-4db2-a076-66bfe24721e5;Dual_laser1;6;2;2;2;0;800;2;242;52;0;321.0;6840.0;3480.0;0;
3267e173-faf2-47dc-a0ab-a4c2466bb21c;Dual_laser1;11;5;2;2;0;800;2;242;39;0;319.0;6648.0;3432.0;0;
c58a0eba-69ca-4fac-86e4-d761bbe81499;CAPACITOR3;8;4;2;1;0;6000;0;0;0;0;
97bdf46a-a651-4b7a-b8c6-0de2f6fcdb95;OXYGEN1;5;4;2;1;0;1000;1;0;13;1;1;
8fcb5ea9-2047-438c-9d57-7fb834230874;SENSORS1;3;4;2;1;0;1000;0;0;16;1;1;
5ab2a97e-41ab-49e8-b3aa-9d417c0b57b7;DOOR_CONTROL1;4;2;2;1;0;1000;0;0;1;1;1;
953e25f7-f390-4f0a-b746-6edef382e5be;HYPERDRIVE1;8;2;2;2;0;1000;0;0;37;0;1;
736e0fde-c112-40ff-a013-d1adeda9a5a6;MEDICAL1;10;4;2;1;0;2000;1;0;15;1;
e7f3f040-f2df-4ee7-adcd-2134ba0541b8;ENGINES2;4;6;2;1;0;1400;0;0;1;1;1;
564b658b-5742-4a1d-b7e5-77a7d49bd6be;SHIELDS3;2;2;2;2;0;3000;6;0;47;0;1;
67b8be47-3304-4d3a-9ab2-ac26f05bbf75;REPAIR2;2;5;2;2;0;2000;1;0;47;1;
de351042-741d-42cc-adc2-0e39755a173b;REPAIR1;1;4;2;1;0;2000;1;0;1;1;
