f292b8dc-b997-45ee-95cd-76f28c0388ff;PILOTING1;9;6;2;1;0;5000;0;0;14;1;
a6cc93da-9376-4d63-8fee-17956ce085a2;BOU_REACTOR4;6;4;2;2;0;8000;0;0;45;0;1;
7d33dade-3c2e-4e92-87e9-f390fb6756f6;OXYGEN1;14;5;2;1;0;1000;1;0;7;1;1;
c117d7fe-e10d-4735-9fd6-ccc7b115edf8;DOOR_CONTROL2;4;6;2;1;0;2000;0;0;13;1;1;
ebcd13c4-b9a2-451f-b8c9-e6e23f4e9a46;BOU_ENGINES7;15;6;2;1;0;2600;0;0;5;1;1;
cf1e080f-b703-42cb-ab1b-01f095721fda;HYPERDRIVE3;3;3;2;2;0;4000;0;0;38;0;1;
98947309-afd5-4cf9-bad2-b2d6ae7b1262;BOU_SHIELDS3;6;7;2;2;0;3000;6;0;45;0;1;
f11e82b1-b4b6-437c-a06c-4de24834d732;BOU_CAN_OPENER4;11;4;2;2;0;1800;2;1760;37;1;67.0;8904.96;13140.48;0;
f5e42b79-cb0c-47cf-82ea-e6a75654d2e9;Railgun4;11;7;2;2;0;2600;3;2280;39;1;69.0;8520.0;13032.0;0;
5b8bb6fc-851b-427a-8534-0d4c38898c96;BOU_Advanced_ML4;3;8;2;2;0;1600;1;560;40;1;66.0;8904.0;12984.0;0;
747712ef-a128-4b31-af37-9410422db9b0;WEAPONS_CONTROL1;8;5;2;1;0;2000;0;0;2;1;
31eab334-66b0-41fe-8fca-355d73219c87;SENSORS1;2;6;2;1;0;1000;0;0;1;1;1;
ead8b965-a4ba-4255-9217-1b2b99b97644;CAPACITOR3;13;6;2;1;0;6000;0;0;0;0;
