a7200b1b-61f0-4bd3-b88d-4c6829c4b54f;PILOTING1;8;7;2;1;0;5000;0;0;3;1;
fb0f3508-a247-4994-a62d-013ef96a1195;TELEPORT2;8;4;2;1;0;1000;2;1600;2;1;1;
e6adf155-91b4-4032-9377-5ad05d655aae;BOU_REACTOR4;6;4;2;2;0;8000;0;0;49;0;1;
d5c1efae-1973-4d76-959e-7f2c719b8b68;OXYGEN1;5;2;2;1;0;1000;1;0;3;1;1;
c7c32629-3a4f-4ad8-897d-9d98d24c0c4a;DOOR_CONTROL2;10;9;2;1;0;2000;0;0;3;1;1;
5fe8a42c-1f33-45a7-aac7-82882d928dfa;ENGINES7;5;1;2;1;0;2600;0;0;4;1;1;
8da780fe-d1c9-484f-97f1-48022114fc48;HYPERDRIVE3;6;6;2;2;0;4000;0;0;47;0;1;
fceb2033-e28c-4b7d-b545-89275b074047;SHIELDS5;10;7;2;2;0;5000;10;0;48;0;1;
c46c6380-8a0e-49f4-8edd-0b857ab954d8;Quad_laser1;14;5;2;2;0;2400;4;3680;45;1;118.0;8856.0;10584.0;0;
0e7b98a9-5118-4139-bbdf-afb19aae5706;BOU_Single_emp2;11;5;2;2;0;1100;2;1360;57;1;119.0;8712.0;10536.0;0;
584581a1-5c7c-4e1a-83aa-d575c9c43194;BOU_Cluster_ML2;10;3;2;2;0;1200;3;3000;50;1;118.0;8808.0;10584.0;0;
13e908b7-fcda-4b86-a0fa-0bce1c5f8a2c;WEAPONS_CONTROL2;5;9;2;1;0;4000;0;0;2;1;
4079ce20-1641-4c15-bedc-700c651b49fc;SENSORS4;10;2;2;1;0;4000;0;0;2;1;1;
aee2ea98-6261-4605-a4f3-85e58b4fca07;CAPACITOR5;5;10;2;1;0;14000;0;0;0;0;
