a043cf1f-1b2b-49fe-8d48-0985b5c218a5;PILOTING3;10;4;2;1;0;10000;0;0;15;1;
e183f2f4-ee0f-4742-810f-13560a4f2fdb;REACTOR3;6;5;2;2;0;5000;0;0;51;0;1;
b29e0f8d-7736-49fe-aef7-5f73fb6dd960;Dual_laser1;8;2;2;2;0;800;0;0;37;0;0.0;0.0;0.0;0;
4213aaaa-0b1c-4c9b-a179-0d860b68a422;Dual_laser1;2;2;2;2;0;800;0;0;47;0;0.0;0.0;0.0;0;
6be31138-67ee-466b-a29a-70c42cbfa119;CAPACITOR3;1;4;2;1;0;6000;0;0;0;0;
58df5254-fb49-4040-9070-a99a3a09f3f3;OXYGEN1;4;2;2;1;0;1000;1;0;1;1;1;
7416ad67-9b2b-4006-9146-c2c5e821ead0;SENSORS1;4;6;2;1;0;1000;0;0;1;1;1;
99a4d72d-ec2a-4532-b869-0f31008db07c;DOOR_CONTROL1;3;4;2;1;0;1000;0;0;16;1;1;
7d01d2ab-21c5-4dab-b924-592da89a15c8;HYPERDRIVE2;11;5;2;2;0;3000;0;0;39;0;1;
08bbb5aa-2937-48eb-9994-d0fe72287564;MEDICAL1;5;4;2;1;0;2000;1;0;13;1;
70c15f36-4efd-46d9-be5c-f1c3213428f1;ENGINES3;8;4;2;1;0;1800;0;0;14;1;1;
d2dc3283-7a97-4d89-8f3b-4bc62d58efc0;SHIELDS3;6;2;2;2;0;3000;6;0;52;0;1;
fbe85519-d0cd-4251-bfe1-9d69f82d885d;SYS_SHOP2;12;4;2;1;0;10000;0;0;1;1;169;EMP_BEAM2:Hull_Breaker3:DOOR_CONTROL2:Triple_laser1:SENSORS2:MEDICAL1:EXTRACTOR95:;
8b5e7e86-c0cd-4423-84dc-9ab6c16b0d02;DRONE_SHOP;2;5;2;2;0;10000;0;0;47;1;5;9;
