127ff099-58a3-482f-98b3-53a449539529;PILOTING3;4;6;2;1;0;10000;0;0;1;0;
ad3c028a-5ad4-4811-8c6e-e6ac9b75a4ac;REACTOR3;6;5;2;2;0;5000;0;0;51;0;1;
07487a07-f3d3-4d30-a327-9db9a36ae860;SHIELDS2;8;2;2;2;0;2000;0;0;37;0;1;
a85cd11e-511d-4ddf-9035-d1ccfa21147f;REPAIR1;10;4;2;1;0;2000;0;0;15;0;
7e7472c3-9f1b-4f47-b653-36b47393009c;MEDICAL2;12;4;2;1;0;4000;0;0;1;0;
f520fcb1-f60c-4138-b4eb-8cd0887466ee;ENGINES4;3;4;2;1;0;2000;0;0;16;0;1;
bdfb28c2-dd2f-4f0a-8d7c-18f4eb460407;OXYGEN1;1;4;2;1;0;1000;1;0;1;0;1;
f084608d-f2f7-4d3c-9c37-dae395903e63;HYPERDRIVE2;8;5;2;2;0;3000;0;0;39;0;1;
6e5e1b8f-d081-4bd6-9b6a-9a4afede91f4;CAPACITOR3;5;4;2;1;0;6000;0;0;0;0;
0bbd04cf-c5cd-48d9-a0a0-87db18d72ccc;SENSORS1;4;2;2;1;0;1000;0;0;1;0;1;
583098fd-b976-4725-88cb-ec184f7ad5c8;DOOR_CONTROL1;8;4;2;1;0;1000;0;0;14;0;1;
6251be03-b0f1-439f-8992-111d71f7b0c1;Dual_laser1;2;5;2;2;0;800;0;0;47;0;0.0;0.0;0.0;0;
42147c34-4787-4200-9212-b716a13fa056;Heavy_laser3;2;2;2;2;0;1200;0;0;47;0;0.0;0.0;0.0;0;
464ddba5-cd45-4eb6-8e9e-d9bb3e5e1ed6;MIS_SHOP;11;5;2;2;0;10000;0;0;39;0;5;23;
