5886b052-8ba5-4299-b06b-df68a2119ed0;PILOTING3;4;2;2;1;0;10000;0;0;1;1;
c27d011d-22a2-4b6b-8830-08739a4bd66d;REACTOR3;8;2;2;2;0;5000;0;0;37;0;1;
33dcff93-908b-4348-98d1-a62e4dbc006c;Dual_laser1;8;5;2;2;0;800;0;0;39;0;0.0;0.0;0.0;0;
e0d8aad7-d4e6-4320-b933-a5c1fb17a3d8;Dual_laser1;2;2;2;2;0;800;0;0;47;0;0.0;0.0;0.0;0;
3368782a-cd57-466a-9a19-209b526b2ab0;CAPACITOR3;3;4;2;1;0;6000;0;0;0;0;
43432e23-0f65-46f7-a9fc-747c62fd98db;OXYGEN1;1;4;2;1;0;1000;1;0;1;1;1;
b72d7cad-0a05-4c3a-a18b-5550dbb89bc6;SENSORS1;5;4;2;1;0;1000;0;0;13;1;1;
e71015fa-1818-4051-b8cc-87a8d1ff9002;DOOR_CONTROL1;10;4;2;1;0;1000;0;0;15;1;1;
2e508ca6-503d-4d0c-a0ca-c6ec42aab72b;HYPERDRIVE2;2;5;2;2;0;3000;0;0;47;0;1;
eb2d0239-6fe7-421e-9218-6595e217c5ea;MEDICAL1;8;4;2;1;0;2000;1;0;14;1;
3b84142e-9ce6-4f62-b1bb-a6777c0d3c44;ENGINES3;12;4;2;1;0;1800;0;0;1;1;1;
15a66422-54e8-4604-a7c2-ef3359e7aef2;SHIELDS3;6;2;2;2;0;3000;6;0;52;0;1;
a4108739-1ead-4d2c-966a-570a9ddbf4ca;SYS_SHOP2;4;6;2;1;0;10000;0;0;1;1;120;MEDICAL1:SENSORS4:none:none:Hull_Breaker4:SENSORS1:Pierce_laser2:;
47b269e9-fca3-499c-8920-16b58c10a68e;MIS_SHOP;11;5;2;2;0;10000;0;0;39;1;4;33;
