3ab5b978-bf3f-4552-b0a2-642370eae585;PILOTING3;10;4;2;1;0;10000;0;0;15;1;
625c572b-87fa-4cf5-beb5-91f8176b44bc;REACTOR3;8;2;2;2;0;5000;0;0;37;0;1;
c8793e3b-236d-4b41-b064-bcd542a22381;SHIELDS2;6;2;2;2;0;2000;4;0;52;0;1;
69fbd1cf-60a8-4156-80ab-6302c2e24711;REPAIR1;3;4;2;1;0;2000;1;0;16;1;
087affbe-d43d-4f9b-b8c4-e18f1bdb6a2f;MEDICAL2;5;4;2;1;0;4000;2;0;13;1;
f50466b9-5eb3-4161-a4e4-98f2354f80c9;ENGINES4;12;4;2;1;0;2000;0;0;1;1;1;
1b20cbbf-b850-45ea-8ff5-ddfba508c763;OXYGEN1;4;6;2;1;0;1000;1;0;1;1;1;
fc0103ba-93fd-414e-ad47-0dd653a6fea3;HYPERDRIVE2;2;2;2;2;0;3000;0;0;47;0;1;
13eae7c3-e983-4839-8c4f-2cec79ba9cba;CAPACITOR3;8;4;2;1;0;6000;0;0;0;0;
0648774a-2e7b-4a85-b639-d95ea0823d58;SENSORS1;1;4;2;1;0;1000;0;0;1;1;1;
c7969f87-55f5-43be-8a77-c64ea6a9da0c;DOOR_CONTROL1;4;2;2;1;0;1000;0;0;1;1;1;
96c1b3e3-7e8c-4ef9-8d56-380f412b1bbe;Dual_laser1;11;2;2;2;0;800;0;0;37;0;0.0;0.0;0.0;0;
fe19d5c1-358e-4409-97fd-bc90f3767048;Heavy_laser3;2;5;2;2;0;1200;0;0;47;0;0.0;0.0;0.0;0;
72fbe406-2190-4058-a3cb-4a710ea8e677;MIS_SHOP;8;5;2;2;0;10000;0;0;39;1;2;27;
