ed3d2e2d-cf89-47b1-8cf2-3cd92444e38b;MEDICAL2;14;7;2;1;0;4000;2;0;3;1;
469627f3-bdbc-4e23-bca4-7b1ae2306f41;PILOTING1;5;7;2;1;0;5000;0;0;14;1;
b6cd306a-b8bc-4f0e-9c72-9356e4b8de1e;BOU_REACTOR4;10;4;2;2;0;8000;0;0;57;0;1;
c637a9bb-3a3e-475e-ac21-c74c96f462ba;OXYGEN2;14;5;2;1;0;2000;2;0;2;1;1;
2e40d44a-4bb4-4d0a-b585-1cbe8a1a6e52;DOOR_CONTROL3;4;6;2;1;0;3000;0;0;13;1;1;
aff4c675-1948-4d51-bf0e-4a3e30c94b2c;ENGINES4;12;2;2;1;0;2000;0;0;2;1;1;
2a479a75-9849-4fce-a38a-bc714d9bc68f;HYPERDRIVE1;9;2;2;2;0;1000;0;0;38;0;1;
fbc104dc-098d-44de-bc82-5196f79e7f43;BOU_SHIELDS5;7;4;2;2;0;5000;10;0;50;0;1;
db281983-dc6a-4081-9ea2-b64e976a6927;BOU_Quad_laser3;4;3;2;2;0;2800;4;664;38;0;37.0;11688.0;7128.0;0;
f32da122-eda6-4acf-a8e4-0279d051ddd5;BOU_EMP_BEAM1;9;9;2;2;0;800;4;0;40;0;39.0;11764.8;7143.36;0;
f887a8a2-8703-47c0-8bf3-9ffab69d8bbc;Railgun2;10;7;2;2;0;1600;3;135;57;0;39.0;11640.0;7176.0;0;
b1c37d3f-83a5-4737-a2b5-0821c45b6d62;WEAPONS_CONTROL2;15;6;2;1;0;4000;0;0;14;1;
beb8c538-2537-439b-bbcf-f06f930406f0;SENSORS2;12;5;2;1;0;2000;0;0;3;1;1;
c13bfcdc-c03e-4dca-9d18-0572e47bd360;CAPACITOR4;5;5;2;1;0;12000;0;0;0;0;
