614a5e01-2a70-444f-b09d-a694087165db;PILOTING1;5;5;2;1;1;0;0;0;4;1;
29fec12a-c67b-4335-9433-6167972448e8;BOU_REACTOR4;2;3;2;2;0;8000;0;0;46;0;1;
51d39f2a-5cec-447b-b255-6a80d8b13f0d;OXYGEN1;3;2;2;1;1;0;1;0;2;0;1;
aca71717-1d84-49eb-8214-211f9365045e;DOOR_CONTROL4;15;5;2;1;0;4000;0;0;1;1;1;
7a92475e-7fb2-4eb5-b9fc-191dc3239cec;ENGINES3;3;5;2;1;0;1800;0;0;5;1;1;
0a46de91-e47c-4259-b53e-c01033d1c9ae;HYPERDRIVE1;8;5;2;2;1;0;0;0;37;0;1;
00d516f8-ceac-4859-8f57-3af6a60e8aec;BOU_SHIELDS4;5;7;2;2;1;0;8;0;40;0;1;
5a7ba8d8-c8b2-4586-8fff-eaeec1f5b7c5;Breacher1;5;2;2;2;1;0;2;0;38;0;0.0;0.0;0.0;0;
12bbece0-319b-4829-baaf-fc9a2d42075e;BOU_Pierce_laser3;12;4;2;2;0;1700;2;1360;45;1;0.0;0.0;0.0;0;
e57f4bd7-c991-4813-afe6-3cff10a94d4f;BOU_Heavy_laser2;2;6;2;2;1;0;1;0;46;0;0.0;0.0;0.0;0;
bb41b576-24e4-4ad2-8e10-35385a85a8a2;WEAPONS_CONTROL2;3;8;2;1;1;0;0;0;3;1;
b1420687-b0f0-4bc0-84a2-9d580088d4cf;SENSORS1;10;5;2;1;0;1000;0;0;1;1;1;
