9f9f3d98-968e-4aec-b2c7-4fb2ba2d346c;PILOTING3;4;2;2;1;0;10000;0;0;1;1;
e1862d91-4dc4-43c8-a022-67514f6d64a6;REACTOR3;11;5;2;2;0;5000;0;0;39;0;1;
a759e9e0-c271-428e-8039-bc1ea605a5e6;Dual_laser1;2;2;2;2;0;800;0;0;47;0;0.0;0.0;0.0;0;
93e305c4-7777-49db-9e71-8eaf73a73fb4;Dual_laser1;2;5;2;2;0;800;0;0;47;0;0.0;0.0;0.0;0;
06a3b85e-6baa-4ed8-93f6-d6932788a318;CAPACITOR3;12;4;2;1;0;6000;0;0;0;0;
60202621-a3e4-4b7a-af15-a448d82ee19d;OXYGEN1;8;4;2;1;0;1000;1;0;14;1;1;
b48acb95-2f3a-4ffc-8419-fa8ba098fdcb;SENSORS1;10;4;2;1;0;1000;0;0;15;1;1;
d3934760-bc71-49ff-b6b4-8785db86cff9;DOOR_CONTROL1;5;4;2;1;0;1000;0;0;13;1;1;
4d4cdca3-71a7-45a4-b3b6-607fb0252263;HYPERDRIVE2;6;2;2;2;0;3000;0;0;52;0;1;
10f2f106-8a37-45fa-bc22-0d23b14cbd1b;MEDICAL1;1;4;2;1;0;2000;1;0;1;1;
e5e56104-5ba0-4bd7-9353-88e1e99e62a0;ENGINES3;4;6;2;1;0;1800;0;0;1;1;1;
b12468ee-423a-4b09-a21e-0eb94a5e546c;SHIELDS3;8;2;2;2;0;3000;6;0;37;0;1;
49a7a102-9ce5-4b75-88ac-4fbd67f0e970;DRONE_SHOP2;3;4;2;1;0;10000;0;0;16;1;3;18;
2c87b3e8-f807-4582-95b4-34bf2af65233;SYS_SHOP;6;5;2;2;0;10000;0;0;51;1;113;CAPACITOR2:FISSION_REACTOR:Hull_Breaker3:PILOTING1:none:;
