fd50648f-abab-4fb1-b2f6-9734cf7ac728;PILOTING3;10;4;2;1;0;10000;0;0;15;1;
0ba79229-58e6-45a8-b579-b076a0f5ddbf;REACTOR3;6;2;2;2;0;5000;0;0;52;0;1;
fb5e7983-e759-4626-99c4-380a505eca69;Dual_laser1;2;2;2;2;0;800;0;0;47;0;0.0;0.0;0.0;0;
59e97ba2-9896-4844-bfb0-b0ff81df020a;Dual_laser1;11;2;2;2;0;800;0;0;37;0;0.0;0.0;0.0;0;
c8d714d9-422e-4382-87b3-7e1a44f35be0;CAPACITOR3;8;4;2;1;0;6000;0;0;0;0;
ada1aeb5-80f6-46e2-844c-a8bc9dbaff3f;OXYGEN1;3;4;2;1;0;1000;1;0;16;1;1;
a5747e01-633d-4e2e-ace3-46148850893e;SENSORS1;12;4;2;1;0;1000;0;0;1;1;1;
947a0ca2-e403-4120-9f18-b653ea2592a6;DOOR_CONTROL1;5;4;2;1;0;1000;0;0;13;1;1;
083aa441-bafb-4dd9-8e37-81b017011702;HYPERDRIVE2;6;5;2;2;0;3000;0;0;51;0;1;
5cc5c17c-41f1-4f03-af87-442db92ab6eb;MEDICAL1;1;4;2;1;0;2000;1;0;1;1;
a2fd4bcc-fb6c-4b06-aaaf-29d22c1080fb;ENGINES3;4;2;2;1;0;1800;0;0;1;1;1;
61b235e6-a612-4435-95bc-88dfd597844b;SHIELDS3;8;5;2;2;0;3000;6;0;39;0;1;
33c89676-cfa2-473c-9e4e-9ea1682807d6;SHIPS_SHOP;11;5;2;2;0;10000;0;0;39;1;111;CRUS3 1 L4&38rgb76rgb25:LS2 1 L0&65rgb74rgb30:none:LS4 1 L2&52rgb74rgb27:;
118e617c-af24-4108-8b3f-31b553db4bd4;SHIPS_SHOP;8;2;2;2;0;10000;0;0;37;1;117;none:none:LS2 1 L2&32rgb66rgb31:CRUS2 2 L0&88rgb92rgb41:;
986bfa3c-28a4-42e8-9736-b6fa3d88d83e;MIS_SHOP;2;5;2;2;0;10000;0;0;47;1;5;21;
61a6e433-0274-4ec5-94fd-da4590a5c896;CAPACITOR3;4;6;2;1;0;6000;0;0;0;0;
