b0a63b7b-f921-4bfb-97e2-6ad2a8485c86;PILOTING1;9;6;2;1;0;5000;0;0;14;1;
a8cd4d51-ca93-4332-9c4d-d53e520ce421;OXYGEN2;11;8;2;1;0;2000;2;0;1;0;1;
77c3c624-b793-43d7-a3f5-43cbd5c5365d;DOOR_CONTROL2;15;6;2;1;0;2000;0;0;1;1;1;
b0c22bf5-ee7a-4cf8-82e3-08f665b4cef9;BOU_ENGINES4;7;7;2;1;0;2000;0;0;3;1;1;
7e5b5604-c481-4d9f-9507-d2bf762a5ebc;WEAPONS_CONTROL2;4;7;2;1;0;4000;0;0;6;1;
8e3e0b69-e794-497d-9084-8e89df009f81;SENSORS1;13;6;2;1;0;1000;0;0;1;1;1;
125d2012-1482-4f1d-a8b4-2f7fd6dcd60a;CAPACITOR5;4;6;2;1;0;14000;0;0;0;0;
8a6e4ebe-94ac-4816-b175-0ffc2084fec4;Heavy_Dual_laser3;3;3;2;2;0;1700;3;0;38;0;12.0;3864.0;12072.0;0;
e3b2a38f-e0f1-4145-bb30-8c2abb126b5b;Heavy_Dual_laser2;13;4;2;2;0;1700;3;0;38;0;0.0;0.0;0.0;0;
8209f7eb-2244-4cbe-afe0-35539f002a5f;MEDICAL3;6;6;2;1;0;6000;3;0;13;0;
1646a712-83ea-488b-9363-ad946c749292;SHIELDS3;9;4;2;2;0;3000;0;0;37;0;1;
22650cfd-1cd8-4fad-a67a-883d61d2e831;HYPERDRIVE1;3;8;2;2;0;1000;0;0;40;0;1;
