ab237a10-2aad-47a5-ae7b-f617e82f8fca;PILOTING2;9;6;2;1;0;9280;0;0;14;1;
bbdeecb0-58b1-4518-8615-6c32057cda6b;BOU_REACTOR4;11;4;2;2;0;6560;0;0;37;0;1;
b4555c94-c1af-4f30-822c-7819aedf74cc;OXYGEN3;13;4;2;1;1;0;3;0;2;0;1;
01d7e864-4a8b-4beb-b0c1-be9d05cb0d36;DOOR_CONTROL2;4;7;2;1;0;995;0;0;9;1;1;
db5473c0-66cb-4cb9-ba7c-be8be15d81f3;BOU_ENGINES5;4;5;2;1;0;1240;0;0;11;1;1;
0c761e4c-e35f-431d-bd27-f140567b2427;HYPERDRIVE4;11;7;2;2;0;4220;0;0;39;0;1;
3ba78153-e2d7-488e-adc3-7d60e6ff13dd;SHIELDS5;6;7;2;2;0;4250;10;0;45;0;1;
2a6665e2-73f6-415e-b93e-f32e3cfc99a3;BOU_Basic_laser1;6;4;2;2;0;800;0;0;45;0;0.0;0.0;0.0;0;
cc09104b-4088-463e-9e2d-9d8f9f4603d7;BOU_Railgun1;3;8;2;2;0;1000;0;0;40;0;0.0;0.0;0.0;0;
ca019cae-db6a-49d0-a9ac-011b2bcc69f7;GAT_LASER2;3;3;2;2;0;1200;0;0;38;0;0.0;0.0;0.0;0;
d9efba60-7db4-496e-91af-5c49ba276b83;WEAPONS_CONTROL1;2;6;2;1;0;2000;0;0;1;1;
38bbc85e-95f4-4fac-b50d-521b8e90697e;SENSORS4;13;6;2;1;0;4000;0;0;1;1;1;
7d0b6708-a621-4924-acc3-96e936ffe374;CAPACITOR5;8;7;2;1;0;12800;0;0;0;0;
