cfaf0e72-4382-46aa-a85a-dbe04313b8fc;PILOTING2;8;5;2;1;0;10000;0;0;2;1;
d05a7441-8f9d-4650-becb-6fe1891dc20e;BOU_REACTOR4;3;8;2;2;0;8000;0;0;40;0;1;
8218a9e5-4dd6-40a1-9551-01be0fd02517;OXYGEN3;15;6;2;1;0;1000;3;0;5;1;1;
df42f0df-cc03-4ed0-9b37-ce8224e62985;DOOR_CONTROL3;14;7;2;1;0;3000;0;0;6;1;1;
b4d6b005-171c-4088-ac0f-eb1ff60a4de1;BOU_ENGINES4;13;6;2;1;0;2000;0;0;1;1;1;
c91b18cf-3d12-457f-81dd-0e09084dbf58;BOU_HYPERDRIVE4;11;7;2;2;0;5000;0;0;39;0;1;
3edfec26-495f-4e02-91d6-dc9b081600b4;BOU_SHIELDS5;6;7;2;2;0;5000;10;0;45;0;1;
89752678-f7cd-43c9-945f-12434b8594df;Breacher1;6;4;2;2;0;1500;2;498;45;0;57.0;12936.0;10440.0;0;
5e43f40f-8ec2-49df-afdd-4c38d72faca0;BOU_EMP_BEAM2;3;3;2;2;0;1200;4;3484;38;0;181.0;2729.28;1142.4;0;
035e7fc3-518f-4823-882d-c6e4a94c97c4;CAN_OPENER4;11;4;2;2;0;1800;2;1402;37;0;179.0;2840.64;1160.16;0;
38e2d961-3c70-44a0-8140-9b7d948c785c;WEAPONS_CONTROL1;14;5;2;1;0;2000;0;0;7;1;
2013ca79-e627-41cd-92b6-64cdecee1394;SENSORS2;4;5;2;1;0;2000;0;0;11;1;1;
f748183f-1b3b-4b1b-b74e-b3d890942efa;CAPACITOR3;13;8;2;1;0;6000;0;0;0;0;
