227d4cf0-bcac-4b97-99af-a810e9b8dd51;PILOTING3;10;4;2;1;0;10000;0;0;15;0;
d1a8c546-3018-4183-bd4b-5a952685de37;REACTOR3;11;5;2;2;0;5000;0;0;39;0;1;
c6e0e833-f71e-453f-b43e-68529e6cffe2;Dual_laser1;2;2;2;2;0;800;0;0;47;0;0.0;0.0;0.0;0;
3794b927-0394-494c-ac6b-04a096689888;Dual_laser1;2;5;2;2;0;800;0;0;47;0;0.0;0.0;0.0;0;
8a15dca5-7038-48c6-9fcc-42cfcf8b588e;CAPACITOR3;4;2;2;1;0;6000;0;0;0;0;
6b3cd27c-eceb-40b8-9991-e1605b5ee8a9;OXYGEN1;12;4;2;1;0;1000;1;0;1;0;1;
9f971f14-741c-4498-ac35-be6834df395f;SENSORS1;4;6;2;1;0;1000;0;0;1;0;1;
cb466f21-b4ff-4cbf-98c4-850303531536;DOOR_CONTROL1;3;4;2;1;0;1000;0;0;16;0;1;
64352cd3-8081-41ec-a345-5d9ff78d4f7b;HYPERDRIVE2;8;5;2;2;0;3000;0;0;39;0;1;
d91b6fef-e1a4-4fe1-8e5d-9088392b8003;MEDICAL1;8;4;2;1;0;2000;0;0;14;0;
0cf97cc7-2f91-44b2-8736-822e1ea5f8e7;ENGINES3;5;4;2;1;0;1800;0;0;13;0;1;
444c0056-048b-4202-8023-bd3213b28cf0;SHIELDS3;11;2;2;2;0;3000;0;0;37;0;1;
22105d94-5bbb-4bf9-9396-025eea849641;DRONE_SHOP;8;2;2;2;0;10000;0;0;37;0;2;6;
5deb8a68-8895-4663-a101-164d98eadba1;DRONE_SHOP2;1;4;2;1;0;10000;0;0;1;0;4;15;
