4c632e0e-040f-4271-aaa0-179a545dcbe8;WEAPONS_CONTROL2;14;5;2;1;0;4000;0;0;14;1;
45296f65-ee6d-4fde-aeb3-54543ec66fe5;HYPERDRIVE3;5;5;2;2;0;5200;0;0;46;0;3;
747b608b-961d-4480-a99f-6f43606e2f27;PILOTING2;14;6;2;1;0;10000;0;0;14;1;
39112f8f-2d2c-4a22-86e2-7755b4d2d7bc;DOOR_CONTROL3;12;9;1;2;0;3000;0;0;21;1;1;
ebedeb5f-65f8-4fd2-b451-59d74347bedf;CAPACITOR5;11;4;2;1;0;14000;0;0;0;0;
97a49b82-7d8a-41ab-a22c-335174e22ef3;ENGINES8;6;2;1;2;0;2800;0;0;32;1;1;
2251e5e1-fb41-4572-8e64-ff53e4f25424;MEDICAL2;16;5;1;2;0;4000;1;0;26;0;
3a107cf4-0bc7-4104-932b-3b5514601bd6;OXYGEN2;8;2;2;1;0;2000;2;0;2;0;1;
a98d89b1-f36a-49ab-9177-1254a6af69b6;CAPACITOR5;11;7;2;1;0;14000;0;0;0;0;
d3751875-12fc-4f15-ae9f-5a79f7ee0e50;SENSORS4;13;7;2;1;0;4000;0;0;3;1;1;
ba886024-8a1a-47c7-999d-b0ba46d5fceb;SENSORS3;13;4;2;1;0;2000;0;0;2;1;1;
6b4e8acd-bf65-49c7-9d09-07eed9181102;OXYGEN3;8;9;2;1;0;1000;3;0;3;0;1;
