dfaa557c-0ca6-4e7e-967b-ed6814691b30;PILOTING3;4;2;2;1;0;10000;0;0;1;1;
d323db41-20d1-4d85-a26a-01f5e4f4a7d0;SHIELDS3;11;5;2;2;0;3000;6;0;39;0;1;
62a19bcd-cc96-4e2d-92fc-25c065afeacc;REACTOR3;6;2;2;2;0;5000;0;0;52;0;1;
fad54c45-8359-4d1e-a280-20c9f0098afe;Dual_laser1;8;5;2;2;0;800;0;0;39;0;0.0;0.0;0.0;0;
6a669cae-4c28-49c7-b162-1b3cd12834f3;Dual_laser1;2;5;2;2;0;800;0;0;47;0;0.0;0.0;0.0;0;
0ddace0b-bf8d-444b-8c8f-7c223f3af590;CAPACITOR3;4;6;2;1;0;6000;0;0;0;0;
0046d6be-12a6-4032-ad6e-702cdd2b1611;ENGINES4;3;4;2;1;0;2000;0;0;16;1;1;
fd6a79f5-205b-44c2-a978-2bef9a48a958;OXYGEN1;1;4;2;1;0;1000;1;0;1;1;1;
bac647cf-4589-42cc-b46f-069c3d1f9fa4;SENSORS1;12;4;2;1;0;1000;0;0;1;1;1;
63d3c666-6319-4da9-ac09-84d75a17469b;DOOR_CONTROL1;8;4;2;1;0;1000;0;0;14;1;1;
9f67b014-623f-480b-8791-a5efad7be31d;HYPERDRIVE2;2;2;2;2;0;3000;0;0;47;0;1;
49169af6-c692-445b-80fd-53a2517c2b2b;DRONE_SHOP2;5;4;2;1;0;10000;0;0;13;1;3;10;
7b8b4333-35c7-43ac-8930-151003548001;REPAIR2;8;2;2;2;0;2000;1;0;37;1;
2e1180ad-2645-4739-bba1-b43e6b31acdf;MIS_SHOP2;10;4;2;1;0;10000;0;0;15;1;5;13;
