f16c0a63-8531-40f0-862b-eee54ca18c03;PILOTING1;11;8;2;1;0;5000;0;0;1;1;
7dacd619-8f30-4709-8c67-a480dd772e75;BOU_REACTOR4;9;4;2;2;0;8000;0;0;37;0;1;
d493aec9-6f36-4d05-9d60-dd9c13bb95a7;OXYGEN1;2;6;2;1;0;1000;1;0;1;1;1;
7016dc8d-948a-4326-b73d-1bddd0c5a4d9;DOOR_CONTROL4;11;4;2;1;0;4000;0;0;1;1;1;
01a082e4-dcc9-4622-b096-686712c21be3;BOU_ENGINES7;9;6;2;1;0;2600;0;0;14;1;1;
979a984a-afdb-41af-ae61-b4d60bfe380b;BOU_HYPERDRIVE1;13;4;2;2;0;1000;0;0;38;0;1;
3cadb8f0-f5fd-4226-bc33-0b6dc81d4f5a;SHIELDS4;3;3;2;2;0;4000;8;0;38;0;1;
db1d0016-dd52-4bee-bbb6-f68d60424b09;BOU_Single_emp2;13;7;2;2;0;1100;2;1000;37;0;66.0;10728.0;10728.0;0;
81e34005-e7c8-42e8-a6d1-a9c12c31e225;FIRE_BEAM2;9;7;2;2;0;1100;2;1214;39;0;63.0;10924.8;10519.68;0;
5b47c21e-4828-41e9-983a-9d925e9fa148;BOU_Basic_ML4;3;8;2;2;0;1400;1;303;40;0;62.0;10776.0;10488.0;0;
582b66ba-7276-48a5-b31d-36cb4dd823cd;WEAPONS_CONTROL2;4;6;2;1;0;4000;0;0;15;1;
0bad42d5-0856-4655-a476-f67821274907;SENSORS2;4;7;2;1;0;2000;0;0;6;1;1;
b32e65f9-9666-40ff-955f-bde8ce46fa69;CAPACITOR4;15;6;2;1;0;12000;0;0;0;0;
