368a4ace-f096-4952-9320-543b31a41b1d;PILOTING3;5;4;2;1;0;10000;0;0;13;1;
f53542c3-84c0-4e35-8fe4-ef652db2824a;SHIELDS3;11;5;2;2;0;3000;6;0;39;0;1;
8690af41-f017-421a-96c8-8ce5e42de759;REACTOR3;2;2;2;2;0;5000;0;0;47;0;1;
219b4b4c-abf8-43c7-a14c-b350e4a8a2a2;Dual_laser1;8;2;2;2;0;800;0;0;37;0;0.0;0.0;0.0;0;
4aaa2d25-120f-459d-ab4e-175420fb3319;Dual_laser1;2;5;2;2;0;800;0;0;47;0;0.0;0.0;0.0;0;
05049b9b-e4aa-4eb4-8af7-02e8265968d2;CAPACITOR3;1;4;2;1;0;6000;0;0;0;0;
6e6e0b94-11fc-4206-b9c6-3625ef3573b5;ENGINES4;4;2;2;1;0;2000;0;0;1;1;1;
d536f89c-ef72-4287-bdee-448ab5c67d3f;OXYGEN1;8;4;2;1;0;1000;1;0;14;1;1;
fbf08669-60f8-481e-bd18-24a357c21f23;SENSORS1;12;4;2;1;0;1000;0;0;1;1;1;
6766953a-2dc0-4c38-8415-3616ec577e5b;DOOR_CONTROL1;3;4;2;1;0;1000;0;0;16;1;1;
c05f6917-b879-4277-b538-57f49b382a13;HYPERDRIVE2;6;2;2;2;0;3000;0;0;52;0;1;
7e50658a-5dcd-476a-ac64-6f6a89938051;DRONE_SHOP2;10;4;2;1;0;10000;0;0;15;1;3;14;
0dce55a7-45d1-4407-90f5-d36cccf394b4;REPAIR2;8;5;2;2;0;2000;1;0;39;1;
164782c8-e00e-4160-af90-d2115d2943de;MIS_SHOP2;4;6;2;1;0;10000;0;0;1;1;2;93;
