fd079b73-4e51-4193-bd3f-855b26b0cca5;PILOTING1;9;6;2;1;0;5000;0;0;14;1;
bc47163c-9b31-4d13-8ab3-89246de5a214;BOU_REACTOR4;9;4;2;2;0;8000;0;0;37;0;1;
5449b9d9-f65e-4c93-97e1-9f21c32ebf54;OXYGEN1;4;7;2;1;0;1000;1;0;6;1;1;
3abafcf6-5340-48a1-a10b-808faa1f6c6e;DOOR_CONTROL3;2;6;2;1;0;3000;0;0;1;1;1;
e3d9879b-6a15-4d0c-9edb-028e346284da;ENGINES7;6;6;2;1;0;2600;0;0;13;1;1;
b00fe833-a248-4942-9df6-c25429b9bda3;HYPERDRIVE3;13;7;2;2;0;4000;0;0;37;0;1;
3dbeab91-ff53-4226-9051-599653846387;SHIELDS3;13;4;2;2;0;3000;6;0;38;0;1;
a6c2538c-c7a6-453d-a4a1-72d878bccd18;FIRE_BEAM1;3;8;2;2;0;800;0;0;40;0;0.0;0.0;0.0;0;
26bb0c9a-7c2f-4ec8-9c43-bb56347ebf2f;Cluster_ML3;9;7;2;2;0;1500;0;0;39;0;0.0;0.0;0.0;0;
249f3bb6-bd9a-43e2-8b9a-9807e34e883f;WEAPONS_CONTROL1;15;6;2;1;0;2000;0;0;1;1;
2f0d87f0-3005-4b4d-a850-f8c7f2860b9a;SENSORS1;11;8;2;1;0;1000;0;0;1;1;1;
59a2b18e-ac3c-4d14-9fa5-052337e12815;CAPACITOR4;11;4;2;1;0;12000;0;0;0;0;
