870c2cdb-39f6-4346-a0c2-372f06cf7719;PILOTING1;2;6;2;1;0;5000;0;0;1;1;
bf9e96da-4720-4ab6-98b5-1a0af28b10cc;BOU_REACTOR4;13;4;2;2;0;8000;0;0;38;0;1;
9fe6a609-94fe-40a9-b68e-8e58dd95994f;OXYGEN2;6;6;2;1;0;2000;2;0;13;1;1;
d6fd63f6-a349-4190-82b7-86ff7531e5dd;DOOR_CONTROL4;11;4;2;1;0;4000;0;0;1;1;1;
22c86cb3-aef4-49e4-9eea-9984438ecbe4;ENGINES4;15;6;2;1;0;2000;0;0;1;1;1;
26904db8-c6ab-4913-a5ea-f8a9b3852623;BOU_HYPERDRIVE3;13;7;2;2;0;4000;0;0;37;0;1;
f850e778-b552-4728-bc3f-7c1edc15a643;BOU_SHIELDS4;9;4;2;2;0;4000;8;0;37;0;1;
c2638964-b6f9-4a3a-8288-9ed3b2bc7473;BOU_Pierce_laser2;3;3;2;2;0;1500;2;250;38;0;86.0;4104.0;7176.0;0;
d4005db2-76db-4d3a-b331-72509d20d28c;BOU_PLASMA_CUTTER2;3;8;2;2;0;1100;2;1348;40;0;87.0;4063.68;6981.12;0;
e32ab23c-67ea-4e4f-aa23-80e0b5bb4fa7;Cluster_ML3;9;7;2;2;0;1500;3;1464;39;0;93.0;4056.0;7224.0;0;
6da8322a-0858-4749-8fbd-484f4204818a;WEAPONS_CONTROL2;7;5;2;1;0;4000;0;0;2;1;
b53d9a5b-a465-4a5f-b051-92eb13840fe4;SENSORS4;4;7;2;1;0;4000;0;0;6;1;1;
5500417f-e5af-414e-a1ea-e123daef1fa7;CAPACITOR4;11;6;2;1;0;12000;0;0;0;0;
