b65a4a2f-7e16-47dd-9ad7-483bafe66349;PILOTING3;3;4;2;1;0;10000;0;0;16;1;
1e427b24-abbe-4290-b050-2db62add7c01;REACTOR3;8;5;2;2;0;5000;0;0;39;0;1;
88bb44f7-389e-4627-86dd-79928d12415e;Dual_laser1;11;5;2;2;0;800;0;0;39;0;0.0;0.0;0.0;0;
1ab2bd70-4500-4ca8-8ff2-9147638c61d0;Dual_laser1;11;2;2;2;0;800;0;0;37;0;0.0;0.0;0.0;0;
898b4737-0191-48e2-99d2-7f3a71484227;CAPACITOR3;12;4;2;1;0;6000;0;0;0;0;
daee2032-fe02-4bc6-8d15-f91a2ff0b67a;OXYGEN1;4;2;2;1;0;1000;1;0;1;1;1;
3dd88e9c-a015-420c-a409-315ceba7f44f;SENSORS1;1;4;2;1;0;1000;0;0;1;1;1;
838b9755-2b1e-4ff3-9754-960c93c69677;DOOR_CONTROL1;8;4;2;1;0;1000;0;0;14;1;1;
388fa6da-aabd-4cf3-bb83-fba0631720fb;HYPERDRIVE2;6;2;2;2;0;3000;0;0;52;0;1;
aa3e50de-6a09-4a90-a8f5-9a7462c5f10b;MEDICAL1;10;4;2;1;0;2000;1;0;15;1;
1345d591-5f22-4d89-96d8-352f7e57dd91;ENGINES3;5;4;2;1;0;1800;0;0;13;1;1;
9dcaf9c8-aa81-40b0-a2e7-d49259eb5b13;SHIELDS3;2;5;2;2;0;3000;6;0;47;0;1;
c72c2f1c-8d7a-4c9e-ab29-3e40ddd31502;SYS_SHOP2;4;6;2;1;0;10000;0;0;1;1;176;SENSORS2:PILOTING4:TELEPORT1:MODULAR_BASIC_SHIELDS:SENSORS4:none:;
91c3da62-7091-47e7-a8ea-036ecd1cc6ac;DRONE_SHOP;6;5;2;2;0;10000;0;0;51;1;5;7;
