d773dc74-925c-4d91-9c27-5c7bc39fff13;PILOTING2;5;1;2;1;0;10000;0;0;4;1;
963de4c3-7b91-402a-abd3-e72951f13673;TELEPORT2;10;2;2;1;0;1000;2;1600;2;1;1;
4954532e-2784-41d7-be01-e149f69e67a9;BOU_REACTOR4;11;5;2;2;0;8000;0;0;57;0;1;
91a1856b-28b1-4dc5-8b19-233de08c205c;OXYGEN1;8;4;2;1;0;1000;1;0;2;1;1;
c63bc333-9400-49d2-8117-072284064769;DOOR_CONTROL3;5;2;2;1;0;3000;0;0;3;1;1;
a585c7a3-b0f8-486b-8315-50ad75420455;BOU_ENGINES8;8;7;2;1;0;2800;0;0;3;1;1;
255e86fb-753f-49bd-bd3a-2a0b4843249e;HYPERDRIVE2;6;4;2;2;0;3000;0;0;49;0;1;
7a314101-9c6d-4a37-968a-47bccfed909e;SHIELDS5;10;7;2;2;0;5000;10;0;48;0;1;
8463c204-0448-43af-98bf-7dec14fbf7e6;BOU_Heavy_laser2;6;6;2;2;0;1000;1;99;47;0;160.0;2088.0;7224.0;0;
e7a4af6b-40ce-44a4-be74-8d86ed8c5a6b;BOU_Dual_Launcher3;10;3;2;2;0;2300;3;528;50;0;163.0;1848.0;6840.0;0;
29c63cb3-9ee5-45ee-a5d3-56d4da618326;EMP_BEAM1;14;5;2;2;0;800;4;548;45;0;161.0;1620.48;7210.56;0;
7525d223-c5f9-4584-8f49-ac31445dab6a;WEAPONS_CONTROL2;5;10;2;1;0;4000;0;0;4;1;
4804324b-6be6-4d01-81a1-165aa0864920;SENSORS4;5;9;2;1;0;4000;0;0;2;1;1;
4b90c23d-a76e-49a2-9f19-3c02a3d6bc88;CAPACITOR5;10;9;2;1;0;14000;0;0;0;0;
