7a45aeea-34f0-4eff-975e-8d5b7801f4bc;PILOTING3;10;4;2;1;0;10000;0;0;15;1;
f864e263-7d7a-4cc3-8e7a-71226495c1c3;REACTOR3;6;5;2;2;0;5000;0;0;51;0;1;
7e706d36-10c1-4591-897e-dd340df36082;Dual_laser1;8;5;2;2;0;800;0;0;39;0;0.0;0.0;0.0;0;
6c8966f9-f4dc-40f2-8a19-a248a653b5f6;Dual_laser1;11;2;2;2;0;800;0;0;37;0;0.0;0.0;0.0;0;
681c31c3-a14c-496c-beb4-d09619d977c2;CAPACITOR3;12;4;2;1;0;6000;0;0;0;0;
6830aa61-ce80-44e5-80cd-128d22c6a892;OXYGEN1;3;4;2;1;0;1000;1;0;16;1;1;
84bd0094-a0d7-463a-93ae-f5e61e5cdf92;SENSORS1;4;2;2;1;0;1000;0;0;1;1;1;
d5b6f806-c492-4bf8-820e-15edd38cc902;DOOR_CONTROL1;1;4;2;1;0;1000;0;0;1;1;1;
55962232-cb62-4fb8-b998-2bb3d27e0250;HYPERDRIVE2;6;2;2;2;0;3000;0;0;52;0;1;
36d7f2f1-ad19-4d72-8150-be7cdab5807c;MEDICAL1;8;4;2;1;0;2000;1;0;14;1;
a1b22991-bfb0-403e-9af2-299692f3a91f;ENGINES3;4;6;2;1;0;1800;0;0;1;1;1;
9b3f6825-0225-46f2-ad36-0f6a37265a79;SHIELDS3;8;2;2;2;0;3000;6;0;37;0;1;
0f8680e2-db01-407c-a6da-e8aa367580c6;DRONE_SHOP2;5;4;2;1;0;10000;0;0;13;1;4;14;
459a65b1-61fa-4813-a17f-8a65e52eea95;SYS_SHOP;2;2;2;2;0;10000;0;0;47;1;175;Triple_laser2:SENSORS1:PILOTING2:Dual_laser4:;
