aa7c521e-4fc0-405c-ac25-90cf9dca30bb;PILOTING3;4;6;2;1;0;10000;0;0;1;1;
6cbeddf9-df08-47fb-a119-5c6889b017e4;SHIELDS2;2;2;2;2;0;2000;4;0;47;0;1;
08bf85e3-d9da-48f3-9958-a1f6a6f6f219;REACTOR3;2;5;2;2;0;5000;0;0;47;0;1;
c06fc554-5880-463e-8e0e-4f0f26790da0;REPAIR1;8;4;2;1;0;2000;1;0;14;1;
bbe7be83-d7b7-48dc-b292-6bfab6f5a0dc;MEDICAL2;3;4;2;1;0;4000;2;0;16;1;
2f175fd9-67b2-4d26-9cc7-458d65fecca1;ENGINES4;10;4;2;1;0;2000;0;0;15;1;1;
8c89f524-e824-45e2-9b21-ec0cf251efcb;OXYGEN1;4;2;2;1;0;1000;1;0;1;1;1;
5635a169-2dae-4d74-90be-6d423ceff9b5;HYPERDRIVE2;6;5;2;2;0;3000;0;0;51;0;1;
e3ad270d-a8e2-4728-ac69-308b94fd6b33;CAPACITOR3;12;4;2;1;0;6000;0;0;0;0;
4e03373c-5dfc-4f4b-9f0f-5ed49db74c03;SENSORS1;5;4;2;1;0;1000;0;0;13;1;1;
3cf04e7c-863f-464f-8b1c-a2bfb925cb48;DOOR_CONTROL1;1;4;2;1;0;1000;0;0;1;1;1;
f8c889f3-bf6f-4575-8dc1-d168899b6634;Dual_laser1;8;5;2;2;0;800;0;0;39;0;0.0;0.0;0.0;0;
8a447485-55fc-42b7-a7fa-375536311c3e;Heavy_laser3;11;2;2;2;0;1200;0;0;37;0;0.0;0.0;0.0;0;
cb5bb72e-e92a-4cca-9b6e-2e4138e817a1;DRONE_SHOP;8;2;2;2;0;10000;0;0;37;1;3;16;
