157c642d-08ab-4b9c-879d-584efaf3322f;PILOTING2;4;7;2;1;0;10000;0;0;1;1;
1d7b8afc-253f-4797-95a3-e131772b56bd;BOU_REACTOR4;9;4;2;2;0;8000;0;0;59;0;1;
33adb904-b393-43eb-9151-419bafc31349;OXYGEN2;11;4;2;1;0;2000;2;0;1;1;1;
f7ae460b-8fef-4e86-ba30-d087c982e4e3;DOOR_CONTROL2;4;3;2;1;0;2000;0;0;1;1;1;
a19dde25-20dc-4068-9154-2aff2c6facf0;BOU_ENGINES3;3;5;2;1;0;1800;0;0;14;1;1;
3dfb9ac4-9795-4e75-a066-0bffddb0627a;BOU_HYPERDRIVE3;2;3;2;2;0;4000;0;0;47;0;1;
150dc75a-bc0c-4137-9b2f-f5e033c111b7;SHIELDS5;2;6;2;2;0;5000;10;0;47;0;1;
1e4ce02d-7ac5-41b8-b631-3bb7e312562b;Heavy_Dual_laser1;14;4;2;2;0;1500;3;1686;37;0;105.0;10968.0;12456.0;0;
7903771a-a0d1-429c-86ab-16f78f16d5fa;BOU_GAT_LASER1;12;5;2;2;0;900;3;549;40;0;172.0;9711.36;5414.88;0;
52cbc825-9f03-4f8d-a4b1-8447bd90f5c7;BOU_Pierce_laser2;7;5;2;2;0;1500;2;530;51;0;101.0;11208.0;12456.0;0;
5b0e473c-fa7a-401f-94b1-cd173b82e39e;WEAPONS_CONTROL1;5;5;2;1;0;2000;0;0;1;1;
f0d4aa63-9007-47d6-9791-a7322a8ca761;SENSORS3;10;6;2;1;0;2000;0;0;14;1;1;
