a1c23727-d8b7-4e5d-834c-ad1536ad5e7b;PILOTING2;13;4;2;1;0;10000;0;0;2;1;
91e536a0-4e82-496c-aed8-f7ec6036ed1e;BOU_REACTOR4;6;4;2;2;0;8000;0;0;45;0;1;
012ddc26-ffd4-4b46-8f4e-1a0ca8d41582;OXYGEN2;11;6;2;1;0;2000;2;0;16;1;1;
0f438dbe-df20-4c4c-a0a4-8cc57cba7e98;DOOR_CONTROL2;8;7;2;1;0;2000;0;0;3;1;1;
60e4cb19-ab77-4dca-918c-81cc153f35a5;BOU_ENGINES6;8;5;2;1;0;2400;0;0;2;1;1;
2220210d-642e-453d-8087-5c5b84dee1d5;HYPERDRIVE2;3;3;2;2;0;3000;0;0;38;0;1;
a563017c-c220-42ab-8577-d03dea59a7dd;BOU_SHIELDS4;3;8;2;2;0;4000;8;0;40;0;1;
c45589d7-5feb-415e-abe8-4e777a0e7752;BOU_Breacher2;11;7;2;2;0;1700;2;230;39;0;172.0;1848.0;6648.0;0;
be4a6439-f1b0-4a6c-8f3e-23d256f66713;Dual_emp1;11;4;2;2;0;900;2;340;37;0;203.0;10680.0;4152.0;0;
95650f01-7822-4321-b78c-15a42d0b1df2;BOU_Basic_ML2;6;7;2;2;0;1000;1;577;45;0;202.0;10680.0;4152.0;0;
886ee60f-defa-4ce7-a612-ebec84a31f77;WEAPONS_CONTROL1;4;7;2;1;0;2000;0;0;9;1;
37aa4fd0-24c1-4fb2-ad99-b0baebeee373;SENSORS3;15;6;2;1;0;2000;0;0;5;1;1;
f80f1d53-e891-4f67-a928-461971637a9b;CAPACITOR4;14;5;2;1;0;12000;0;0;0;0;
bafc4abb-8687-4b60-bc80-469c89dd43c4;BOU_TELEPORT2;13;6;2;1;0;1000;2;1600;1;1;1;
