825b261d-d170-402c-9fac-7cefaf8eb329;PILOTING1;8;4;2;1;0;5000;0;0;2;1;
12db6040-c618-4b53-b057-23dedb30522c;BOU_REACTOR4;2;2;2;2;0;8000;0;0;38;0;1;
ff8fd45b-e2e6-476c-8b89-8aa72984537b;OXYGEN2;2;6;2;1;0;2000;2;0;2;1;1;
62d1d216-04a5-47ee-9b01-221c30c229e1;DOOR_CONTROL3;7;5;2;1;0;3000;0;0;13;1;1;
f182d96a-c3ed-4d56-93f1-6de0e1be22b0;BOU_ENGINES3;8;6;2;1;0;1800;0;0;3;1;1;
8c49cfc4-d488-4710-ac0f-327e619d8a9f;HYPERDRIVE2;5;7;2;2;0;3000;0;0;39;0;1;
9618cf49-10ab-4504-b8d5-deb0896fa3a1;SHIELDS3;12;6;2;2;0;3000;6;0;38;0;1;
76c116bb-7651-468b-b0ce-f962b53b51c5;Basic_laser2;2;7;2;2;0;1000;0;0;40;0;0.0;0.0;0.0;0;
694ab7a0-531b-47c5-b914-9c16c23cadf9;BOU_CAN_OPENER2;12;3;2;2;0;1200;0;0;37;0;0.0;0.0;0.0;0;
38e776a3-f74c-4423-bb4a-714d66d46241;Breacher1;5;2;2;2;0;1500;0;0;37;0;0.0;0.0;0.0;0;
479454c6-f84e-4973-b2d5-635d947d931c;WEAPONS_CONTROL2;4;6;2;1;0;4000;0;0;13;1;
3ccb20df-d10c-410f-a4c9-456e622adf75;SENSORS1;10;6;2;1;0;1000;0;0;2;1;1;
