2925d391-bafc-4255-9fab-8dc4234572c2;PILOTING3;4;6;2;1;0;10000;0;0;1;1;
1e1da565-6de4-4427-95a1-8ee7ce8cb3ef;REACTOR3;11;5;2;2;0;5000;0;0;39;0;1;
283717fd-dc26-4967-99d5-27b05ae7dcac;Dual_laser1;11;2;2;2;0;800;0;0;37;0;0.0;0.0;0.0;0;
ad97f108-d35c-4b02-8d9e-b63620d608e4;Dual_laser1;2;5;2;2;0;800;0;0;47;0;0.0;0.0;0.0;0;
1fbccf4d-d05d-4ec6-9099-f619b900435b;CAPACITOR3;12;4;2;1;0;6000;0;0;0;0;
5c853691-d51d-44a4-a4e3-b6acd7140319;OXYGEN1;10;4;2;1;0;1000;1;0;15;1;1;
7de754a7-8116-4486-aca9-96b0fde2ce0c;SENSORS1;1;4;2;1;0;1000;0;0;1;1;1;
6c155ed6-29ff-43f7-b5c3-d44010b3ec2e;DOOR_CONTROL1;4;2;2;1;0;1000;0;0;1;1;1;
e1c15507-6421-49e0-a76c-923bc7caa067;HYPERDRIVE2;8;2;2;2;0;3000;0;0;37;0;1;
f31e80ca-dd03-43fb-b281-48bccc58e3bf;MEDICAL1;5;4;2;1;0;2000;1;0;13;1;
9b779982-7998-4c63-b826-c73591aa7445;ENGINES3;3;4;2;1;0;1800;0;0;16;1;1;
560e68ed-f5d4-4fa1-97bf-90cd55f31766;SHIELDS3;2;2;2;2;0;3000;6;0;47;0;1;
0fe71914-9a5c-4707-9ab1-027481dfe7f8;SHIPS_SHOP;6;5;2;2;0;10000;0;0;51;1;98;LS4 2 L2&85rgb64rgb61:LS4 2 L2&51rgb47rgb91:;
b3fc397b-e7ae-4a55-ad37-1c8bb7a04d0e;DRONE_SHOP;8;5;2;2;0;10000;0;0;39;1;2;7;
8bcb501e-a45d-46d0-9c97-0ef73723199f;CAPACITOR3;8;4;2;1;0;6000;0;0;0;0;
