c2a029cc-ef50-4a10-b54b-871ee70f9e42;PILOTING1;11;4;2;1;0;5000;0;0;1;1;
9df685ba-f85a-4c3e-8d72-259208dbc130;BOU_REACTOR4;12;5;2;2;0;8000;0;0;40;0;1;
87f49eb6-db33-4f58-8066-ac362d87a03f;OXYGEN2;3;5;2;1;0;2000;2;0;14;1;1;
56c368d7-ca1e-4428-9c6a-35bc7a2ac579;DOOR_CONTROL3;4;3;2;1;0;3000;0;0;1;1;1;
d908e836-53ea-423f-8c3d-f176585c99c7;ENGINES4;4;7;2;1;0;2000;0;0;1;1;1;
c612d4bc-5e58-483f-bc8a-c14330a2c5a3;HYPERDRIVE3;9;4;2;2;0;4000;0;0;59;0;1;
f7e5e037-8ba4-49d4-a0b5-b55b044aff3f;BOU_SHIELDS5;7;5;2;2;0;5000;10;0;51;0;1;
e4e451d2-2621-40ad-b7bd-7f640f462126;BOU_Dual_laser2;2;3;2;2;0;1000;2;810;47;0;2.0;12744.0;7080.0;0;
ab166179-8dd0-484c-91ba-d1a431561174;CAN_OPENER1;14;4;2;2;0;900;2;518;37;0;241.0;4619.52;1465.44;0;
30ae08a7-5505-4c78-b75e-c2e7780784cb;BOU_Dual_laser2;2;6;2;2;0;1000;2;810;47;0;4.0;12600.0;7080.0;0;
ee2f181e-e38c-43e7-a243-948f79b7ad1d;WEAPONS_CONTROL1;7;4;2;1;0;2000;0;0;2;1;
0724bedf-0da4-4a11-9472-6ba9ee92f363;SENSORS2;10;6;2;1;0;2000;0;0;14;1;1;
