4ee16f42-5043-45e9-b81a-a5cbd0923e67;PILOTING2;5;4;2;1;0;10000;0;0;13;1;
fcef66aa-87b7-4747-8d4f-9b835c8eb0a1;BOU_REACTOR4;11;5;2;2;0;8000;0;0;39;0;1;
47e388ca-07d5-4ef0-80ce-ebb657a2b6b8;OXYGEN1;1;4;2;1;0;1000;1;0;1;1;1;
4848f5c0-658c-4b1d-b947-ec403eabdf04;DOOR_CONTROL4;4;2;2;1;0;4000;0;0;1;1;1;
4ccb48db-58f3-4472-bfab-527bdd78c78a;BOU_ENGINES5;4;6;2;1;0;2200;0;0;1;1;1;
61873c1b-c88e-4a80-b49b-fe0f4f537a83;HYPERDRIVE3;11;2;2;2;0;4000;0;0;37;0;1;
a8c3332f-e17b-40de-a7bf-6c62ed77d52a;SHIELDS5;6;2;2;2;0;5000;10;0;52;0;1;
c0974075-0aa6-490d-bfe1-dd9544d752c8;BOU_Heavy_Dual_laser2;8;5;2;2;0;1700;0;0;39;0;0.0;0.0;0.0;0;
348795f1-0355-4e53-ad1b-9610a0bff80f;BOU_PLASMA_CUTTER1;6;5;2;2;0;800;0;0;51;0;0.0;0.0;0.0;0;
dceb1f63-6fb2-42ea-ae60-51fd2219d173;BOU_FIRE_BEAM1;2;5;2;2;0;800;0;0;47;0;0.0;0.0;0.0;0;
d7e148a3-7a4b-4695-b84b-0afd2385ade2;BOU_PLASMA_CUTTER1;8;2;2;2;0;800;0;0;37;0;0.0;0.0;0.0;0;
2826b2f6-fe0d-4e80-ba4a-313c9e0073d2;Dual_Launcher1;2;2;2;2;0;1700;0;0;47;0;0.0;0.0;0.0;0;
357ffc48-eaaa-4753-97f4-2adc17071cd9;WEAPONS_CONTROL2;8;4;2;1;0;4000;0;0;14;1;
b98b6a7c-e055-43d1-9af7-3345fef6de8b;SENSORS2;12;4;2;1;0;2000;0;0;1;1;1;
4373511b-82d0-4f02-a4b4-1cbeb292649f;MEDICAL3;3;4;2;1;0;6000;3;0;16;1;
