3bc419f4-e31c-4c49-9193-f924217bcf03;WHALE_STAT_REACTOR;14;9;2;2;0;15000;0;0;38;0;1;
0dbf9ecc-d024-4c73-aa61-cf1150007873;WHALE_STAT_TP;12;11;2;1;0;1000;0;0;8;0;1;
b052cc74-0d19-4329-811c-02155908d692;OXYGEN1;9;3;2;1;0;1000;1;0;14;1;1;
f8e8c754-8e16-4cd4-8c27-9eab451d5642;DOOR_CONTROL5;6;12;2;1;0;5000;0;0;1;1;1;
36eeac82-36c9-43e2-bbf6-7d13b632d3cb;SENSORS4;16;3;2;1;0;4000;0;0;2;1;1;
bd378458-5c5f-402b-aa56-af1e1bcb14fb;CAPACITOR5;8;12;2;1;0;14000;0;0;0;0;
bc855d8c-e794-47eb-8a3c-7697638104af;MEDICAL2;11;9;2;1;0;4000;2;0;1;1;
c68f226e-b7db-4b4c-aeea-8d099c4b28df;BOU_SHIELDS3;14;2;2;2;0;3000;6;0;45;0;1;
824077ec-ae1e-426e-b2db-08beb0513ba1;BOU_Heavy_laser2;11;2;2;2;0;1000;0;0;45;0;0.0;0.0;0.0;0;
4d895712-f86b-4de3-a595-283304bc0458;BOU_Basic_laser1;3;7;2;2;0;800;0;0;42;0;0.0;0.0;0.0;0;
1b7ea5f0-716a-430e-a6d7-d7dcf42d786e;Railgun1;9;8;2;2;0;1000;0;0;57;0;0.0;0.0;0.0;0;
