6585e83f-9653-4cfa-b3e0-704c9864e10f;PILOTING3;8;12;2;1;0;10000;0;0;3;1;
1da06546-66d9-4067-a13f-917c9606d674;REACTOR3;9;8;2;2;0;5000;0;0;57;0;1;
cb4171b9-7ec3-437b-ae13-d117f1dc8526;Dual_laser1;11;2;2;2;0;800;0;0;45;0;0.0;0.0;0.0;0;
8127f328-532f-4cc2-af78-d531f1be15b7;Dual_laser1;3;7;2;2;0;800;0;0;42;0;0.0;0.0;0.0;0;
9cb32d71-4690-47d7-a848-f8cbd865f56d;CAPACITOR3;9;3;2;1;0;6000;0;0;0;0;
b7f4e2e0-a245-44d8-9218-dd160fc6884d;OXYGEN1;11;9;2;1;0;1000;1;0;1;1;1;
1dd9e7ce-c1d4-4aae-bb2e-22f10788a9d4;SENSORS1;16;3;2;1;0;1000;0;0;2;1;1;
2c457e70-d93a-4bf7-be97-0da57f0f5551;DOOR_CONTROL1;12;11;2;1;0;1000;0;0;8;1;1;
32b82bfc-42a3-4a7c-bbae-c7776b14930d;HYPERDRIVE1;14;9;2;2;0;1000;0;0;38;0;1;
c30a4828-3898-4eeb-88f3-d9793211e656;MEDICAL1;6;12;2;1;0;2000;1;0;1;1;
0f7243ae-4d37-4d83-8056-a13bd4081132;ENGINES2;5;10;1;2;0;1400;0;0;21;1;1;
aaec7fa3-647f-4803-82e2-e256ea33c105;SHIELDS3;14;2;2;2;0;3000;6;0;45;0;1;
1895b274-07a9-477c-b97a-86bd75249801;REPAIR1;9;10;1;2;0;2000;1;0;19;1;
f2c9f5bc-5133-4ff6-823a-4cccdc47d351;REPAIR1;13;9;1;2;0;2000;1;0;31;1;
6e39abc4-895d-43ee-9f2a-565b663dbe70;REPAIR1;13;3;1;2;0;2000;1;0;23;1;
9234de42-df65-4f31-8c97-e75a530cbd91;CAPACITOR1;3;5;1;2;0;2000;0;0;0;0;
