5e608a1c-f8df-4216-87a9-1b7e7111b3a6;PILOTING2;4;7;2;1;0;10000;0;0;6;1;
7b83ab81-58f5-4bea-8e52-fec10495670c;BOU_REACTOR4;9;4;2;2;0;4885;0;0;37;0;1;
3d8f2b0b-991a-4af1-aa39-c807f8726f64;OXYGEN2;4;6;2;1;0;2000;2;0;15;1;1;
5ba9943b-f87e-4a98-93b9-9d0ac9186c96;DOOR_CONTROL3;4;5;2;1;1;0;0;0;7;1;1;
ddba291f-2fb9-4c22-ba0f-21b904316d30;BOU_ENGINES3;13;6;2;1;0;1800;0;0;1;1;1;
7dd250ee-924d-4ac5-986d-35251a2b1473;BOU_HYPERDRIVE3;13;7;2;2;1;0;0;0;37;0;1;
dcceb596-abd2-4180-97aa-fa274f685b78;BOU_SHIELDS5;3;8;2;2;0;5000;10;1780;40;0;1;
d0d04342-4f4a-4768-ab48-2cacde06f42b;BOU_Hull_Breaker1;9;7;2;2;0;1700;2;1404;39;0;96.0;3864.0;5304.0;0;
7319a39d-c622-4d66-933c-08ffcb089a63;BOU_Heavy_Dual_laser1;3;3;2;2;1;0;3;0;38;0;0.0;0.0;0.0;0;
ca1dae3e-e3ac-4b0b-8c09-24a16da2896b;BOU_Dual_emp2;13;4;2;2;1;0;2;0;38;0;0.0;0.0;0.0;0;
09d2eb55-85c3-4aee-8085-e4cfb0a472e3;WEAPONS_CONTROL2;7;7;2;1;1;822;0;0;3;1;
40966087-14f4-4762-bc94-0a29d72ccdbf;SENSORS4;9;6;2;1;0;4000;0;0;14;1;1;
17956323-6006-4f45-81b5-185e137566a7;CAPACITOR1;7;5;2;1;0;2000;0;0;0;0;
