d744bc99-6f97-4c9e-9114-e2b313a1ee3f;TELEPORT2;9;7;2;1;0;1000;2;1600;2;1;1;
eb4831cc-5a73-4e29-a8b0-16442dc3946a;PILOTING2;8;5;2;1;0;10000;0;0;2;1;
59332324-0f2b-4cfd-9c37-84271bb9fd4f;BOU_REACTOR4;3;2;2;2;0;8000;0;0;47;0;1;
5d2a2a75-53c0-427d-84df-d0856afd2db0;OXYGEN1;9;6;2;1;0;1000;1;0;3;1;1;
3b78c696-b009-415f-991e-e0e95ed9c798;DOOR_CONTROL5;5;2;2;1;0;5000;0;0;1;1;1;
336c68a3-f55a-4b8f-b85a-ea573c5830a8;ENGINES4;5;11;2;1;0;2000;0;0;1;1;1;
96cd0009-80af-4e32-a322-de5e61c847f7;HYPERDRIVE3;4;8;2;2;0;4000;0;0;48;0;1;
7a832ee3-54a8-4458-b0bd-19f1dfc2de6f;BOU_SHIELDS5;2;6;2;2;0;5000;10;0;46;0;1;
5f2d8eb5-e9fa-4e05-a5cd-2fb7dceeb397;BOU_Dual_emp1;3;10;2;2;0;900;0;0;47;0;0.0;0.0;0.0;0;
99a3f1c9-9ea2-4aeb-a942-8095784e65c8;EMP_BEAM2;5;6;2;2;0;1200;0;0;57;0;0.0;0.0;0.0;0;
0594f75d-7a1c-4016-bb94-3139949ad190;GAT_LASER1;4;4;2;2;0;900;0;0;50;0;0.0;0.0;0.0;0;
ea99b56b-5d5d-475a-b795-b35d3a62e06b;WEAPONS_CONTROL1;2;8;2;1;0;2000;0;0;3;1;
3b0f88e6-0e6d-452a-afb3-b89ecd8f7a45;SENSORS1;7;7;2;1;0;1000;0;0;2;1;1;
bb925878-a57e-4db6-9a4e-aff6bf9fa115;CAPACITOR1;7;6;2;1;0;2000;0;0;0;0;
