2b7c085c-03e8-47bc-a026-78ced01950e9;PILOTING3;4;6;2;1;0;10000;0;0;1;1;
92febec4-2950-43c6-9fb6-70170c029d4f;REACTOR3;11;2;2;2;0;2735;0;0;37;0;1;
48029ae5-9328-4950-a437-79bef372b75e;Dual_laser1;6;5;2;2;0;800;0;0;51;0;0.0;0.0;0.0;0;
a4c5ab8e-dd43-45d1-8d61-543e3aba74c0;Dual_laser1;8;5;2;2;0;800;0;0;39;0;0.0;0.0;0.0;0;
38d240b4-968f-420f-95ea-326890c26d56;CAPACITOR3;3;4;2;1;0;4773;0;0;0;0;
068db912-4bd4-4ef0-a545-112138e5228b;OXYGEN1;8;4;2;1;1;0;1;0;14;0;1;
c3536886-56a9-4f88-b23e-cd48e7e61fc2;SENSORS1;12;4;2;1;1;0;0;0;1;1;1;
eed14f64-51cc-4a4b-a010-367c1254d173;DOOR_CONTROL1;4;2;2;1;0;775;0;0;1;1;1;
c628ca68-8bb9-4524-94d0-b17047eb8962;HYPERDRIVE2;11;5;2;2;0;1065;0;0;39;0;1;
ad4ff426-d1a6-469c-8842-690c0f4e265a;MEDICAL1;1;4;2;1;0;545;1;0;1;1;
8a1fe761-e6b0-454c-b129-9277a0d635a8;ENGINES3;5;4;2;1;0;1800;0;0;13;1;1;
535a5f67-22d3-4e6f-89ba-468a7e7a2a9d;SHIELDS3;8;2;2;2;0;2520;6;0;37;0;1;
2af64625-a1e1-4f5c-af45-60579ed4cd7a;SHIPS_SHOP;2;5;2;2;0;8770;0;0;47;1;120;LS1 2 L2&43rgb58rgb79:none:none:none:none:;
ee9c650c-43e3-4dc3-8e69-eda7fca082c3;SHIPS_SHOP;6;2;2;2;0;7975;0;0;52;1;80;none:none:LS2 1 L0&43rgb61rgb56:;
530247c7-bffa-4f8d-a082-987f4cf2dba1;MIS_SHOP;2;2;2;2;0;9445;0;0;47;1;4;35;
cc6eb409-d07b-4a22-8461-5e5425f80523;CAPACITOR3;10;4;2;1;0;3960;0;0;0;0;
