fe439dd8-c27b-42ed-866d-a51dfe3ac30e;PILOTING2;4;5;2;1;0;10000;0;0;11;1;
480de966-9639-42b6-b90e-dab0a35626c9;BOU_REACTOR4;11;4;2;2;0;8000;0;0;37;0;1;
eeae4f1f-bb3f-4ba3-9225-8c5076c06d6f;OXYGEN2;13;4;2;1;0;2000;2;0;2;1;1;
393d7b1b-b4a7-44f3-b1d7-9ff034133dea;DOOR_CONTROL5;15;6;2;1;0;5000;0;0;5;1;1;
2af032a4-eb83-45c5-936e-b473ad6cfdc1;BOU_ENGINES5;8;5;2;1;0;2200;0;0;2;1;1;
1a3465c1-cff4-45cb-81dc-6aba75357baa;HYPERDRIVE3;3;3;2;2;0;4000;0;0;38;0;1;
bf525892-ead3-474c-be01-dce0d46b3454;SHIELDS5;6;4;2;2;0;5000;10;0;45;0;1;
0d36d835-89fd-40bb-a809-d83ccf5d22f7;BOU_Hull_Breaker1;3;8;2;2;0;1700;0;0;40;0;0.0;0.0;0.0;0;
1ae9a20a-b822-4fb8-8df1-fe3f306e7dca;Advanced_ML3;6;7;2;2;0;1400;0;0;45;0;0.0;0.0;0.0;0;
c0586a74-fada-4471-807d-07e25275b815;FIRE_BEAM4;11;7;2;2;0;1700;0;0;39;0;0.0;0.0;0.0;0;
03eb4f86-e781-4dc4-8adb-97704660296a;WEAPONS_CONTROL1;4;6;2;1;0;2000;0;0;13;1;
ca84f4b3-e1e6-4e47-8920-9e87b40514ca;SENSORS4;14;5;2;1;0;4000;0;0;7;1;1;
23c60492-e37f-441e-83f1-126318d1c086;CAPACITOR3;8;7;2;1;0;6000;0;0;0;0;
ef1d70aa-7d52-4ab1-8ce5-5167a979611b;BOU_TELEPORT2;13;6;2;1;0;1000;2;1600;1;1;1;
