d97b7b8f-e058-4705-9afd-bbdd1ffecf5c;PILOTING2;4;3;2;1;0;10000;0;0;1;0;
6c3c9780-2485-456e-866c-db99c80b763c;BOU_REACTOR4;2;6;2;2;0;8000;0;0;47;0;1;
230fe55c-4cbf-4473-8084-2da231f411fb;OXYGEN2;3;5;2;1;0;2000;2;0;14;0;1;
0c3f6206-4458-4a1c-a7ed-18b104a20193;DOOR_CONTROL2;7;4;2;1;0;2000;0;0;2;0;1;
dee8003f-7d2d-4549-a70a-10881d0f3eb9;BOU_ENGINES5;4;7;2;1;0;2200;0;0;1;0;1;
302441f4-9f1b-4664-b248-9d0215f3a81b;HYPERDRIVE2;12;5;2;2;0;3000;0;0;40;0;1;
7cce210a-397f-4fc1-884d-9bbc1ac23b81;BOU_SHIELDS2;14;4;2;2;0;2000;0;0;37;0;1;
a2c7be47-a113-4da5-88a4-fc3a86c82dd6;Basic_ML1;7;5;2;2;0;800;0;0;51;0;0.0;0.0;0.0;0;
8dff4a6f-1b01-4ed5-92d9-ef2f2d9a36c6;Heavy_laser1;9;4;2;2;0;800;0;0;59;0;0.0;0.0;0.0;0;
2305e767-890d-4061-ad5e-c268dfdce2c7;BOU_Napalm2;2;3;2;2;0;1700;0;0;47;0;0.0;0.0;0.0;0;
d943cfd6-7406-45e8-afe6-27e82fe2fad9;WEAPONS_CONTROL1;10;6;2;1;0;2000;0;0;14;0;
f000bf2a-c53b-499b-b0c0-d8ed83f1b588;SENSORS3;11;4;2;1;0;2000;0;0;1;0;1;
