412d61ea-b3ea-4f8e-a5d6-7adc441ad305;PILOTING2;11;6;2;1;0;10000;0;0;16;1;
4f12e89f-2d2a-45dc-95c3-6f5a876c83f2;BOU_REACTOR4;6;4;2;2;0;8000;0;0;45;0;1;
2145c6c6-f0a4-4bd7-a252-5244883e1517;OXYGEN1;2;6;2;1;0;1000;1;0;1;1;1;
f1603aad-3a7f-464b-8c49-3735e19591d3;DOOR_CONTROL4;4;6;2;1;0;4000;0;0;13;1;1;
b6a21b8b-478e-499f-8527-75a29a51afc6;BOU_ENGINES7;8;5;2;1;0;2600;0;0;2;1;1;
5e8cab28-1974-424e-8077-1be96a0050b8;HYPERDRIVE2;11;4;2;2;0;3000;0;0;37;0;1;
fbfbd45f-2226-44f4-acf6-2f0516500c66;BOU_SHIELDS5;3;8;2;2;0;5000;10;0;40;0;1;
f3d46a1b-e641-4e90-948e-017340018e24;PLASMA_CUTTER2;11;7;2;2;0;1100;0;0;39;0;0.0;0.0;0.0;0;
b7f0b696-ef98-459b-bb82-63006473a79d;Emp2;6;7;2;2;0;1100;0;0;45;0;0.0;0.0;0.0;0;
948901d4-1b78-4a70-bab4-fc41dbc66fb3;PLASMA_CUTTER1;3;3;2;2;0;800;0;0;38;0;0.0;0.0;0.0;0;
8f9e246e-5cf7-4f3d-9a65-49fef4a598b9;WEAPONS_CONTROL2;14;5;2;1;0;4000;0;0;7;1;
3b228938-3e5a-4153-abec-917ccf800dbf;SENSORS4;9;6;2;1;0;4000;0;0;14;1;1;
5729f75b-ea67-42ec-b8ec-9b0d17b5509e;CAPACITOR2;14;7;2;1;0;4000;0;0;0;0;
e0b8fb57-8e6d-48a9-9b32-75a670521f52;BOU_TELEPORT2;15;6;2;1;0;1000;2;1600;5;1;1;
