2a5d3965-e03a-49a4-bcc8-000c534700b4;PILOTING3;4;2;2;1;0;10000;0;0;1;1;
a9e0aaee-c047-46c6-9074-0ba9d2a560bc;REACTOR3;11;2;2;2;0;5000;0;0;37;0;1;
8e505d1c-a1a1-4adc-842a-d872c2995e0b;Dual_laser1;2;2;2;2;0;800;0;0;47;0;0.0;0.0;0.0;0;
e213d4d3-b127-4337-8812-23d32278aa36;Dual_laser1;8;5;2;2;0;800;0;0;39;0;0.0;0.0;0.0;0;
0fc71613-9f98-4ba5-9f6a-be0c6211d868;CAPACITOR3;10;4;2;1;0;6000;0;0;0;0;
27ccd161-dbd9-4fdf-8690-631f3864e68f;OXYGEN1;12;4;2;1;0;1000;1;0;1;1;1;
6b09a326-0907-426f-a77b-1dfbbc4ce5a9;SENSORS1;5;4;2;1;0;1000;0;0;13;1;1;
766c3773-a9a8-4279-88f5-4305a24f2113;DOOR_CONTROL1;1;4;2;1;0;1000;0;0;1;1;1;
00c90fbb-2bf7-4195-a653-4a0e38c649db;HYPERDRIVE2;6;5;2;2;0;3000;0;0;51;0;1;
e5f221d0-a289-4155-9515-a517c4b1d67f;MEDICAL1;3;4;2;1;0;2000;1;0;16;1;
addc4aaf-09a9-4b37-a8b8-747241e591f1;ENGINES3;4;6;2;1;0;1800;0;0;1;1;1;
aac064e3-b6d2-4143-ba5a-43f70d8ca2f5;SHIELDS3;11;5;2;2;0;3000;6;0;39;0;1;
5e43d6b0-343c-4b2c-b746-ce4217064794;SHIPS_SHOP;6;2;2;2;0;10000;0;0;52;1;146;LS4 2 L0&62rgb90rgb65:LS1 1 L2&21rgb64rgb61:LS1 2 L2&80rgb43rgb59:LS1 2 L2&42rgb77rgb99:LS1 2 L0&52rgb80rgb35:;
74b3b5fe-51c5-4422-9eee-087b30d6b7c6;MIS_SHOP;2;5;2;2;0;10000;0;0;47;1;4;33;
d234a73f-c11b-4c97-9bef-658f6a98e72f;REPAIR1;8;4;2;1;0;2000;1;0;14;1;
