ad190d1d-a849-4c53-9227-5077378f358f;PILOTING3;8;4;2;1;0;10000;0;0;14;1;
f4f0f997-c807-4da4-a7f6-83f48220dff9;REACTOR3;11;5;2;2;0;5000;0;0;39;0;1;
38c53752-56b5-4eb5-b0d0-2d99f576cdc3;Dual_laser1;11;2;2;2;0;800;2;920;37;0;42.0;10392.0;4056.0;0;
10cc56a6-b5a5-4d17-8e64-fcf9ee700e3b;Dual_laser1;8;5;2;2;0;800;2;920;39;0;62.0;10104.0;4200.0;0;
8102a632-eefd-4a5e-a82a-f85eef70f14f;CAPACITOR3;10;4;2;1;0;6000;0;0;0;0;
9102c1fa-bd6d-4ae9-aab9-07277343e081;OXYGEN1;12;4;2;1;0;1000;1;0;1;1;1;
dd437090-bccf-43a8-a6f7-5194ff292c66;SENSORS1;3;4;2;1;0;1000;0;0;16;1;1;
c1131975-e7d9-4e4d-863b-8c367254a597;DOOR_CONTROL1;5;4;2;1;0;1000;0;0;13;1;1;
21f6c342-7242-4245-9014-d6b2dfd46a12;HYPERDRIVE2;8;2;2;2;0;3000;0;0;37;0;1;
f1b092dc-f279-491b-a01d-ba0adadca424;MEDICAL1;4;6;2;1;0;2000;1;0;1;1;
5cb3c0d2-9d13-45cf-9578-a16b7f0e325b;ENGINES3;1;4;2;1;0;1800;0;0;1;1;1;
2de3c229-27b8-4ad6-aee5-62a1036bccc3;SHIELDS3;6;5;2;2;0;3000;6;0;51;0;1;
42b9ca2f-f686-4f1f-b94c-7817b1d24072;SYS_SHOP2;4;2;2;1;0;10000;0;0;1;1;148;CAPACITOR1:CAPACITOR3:SENSORS1:MODULAR_BASIC_SHIELDS:MEDICAL1:OXYGEN1:;
a9fd49ac-9a03-43b2-926d-973115eca0df;DRONE_SHOP;6;2;2;2;0;10000;0;0;52;1;5;17;
