8c4440b2-ea6c-4768-a665-bc8408d5dc0f;PILOTING3;1;4;2;1;0;10000;0;0;1;1;
71888e74-66a2-4bdb-80c6-8135dca933f1;REACTOR3;2;2;2;2;0;5000;0;0;47;0;1;
396f3874-d623-4fd4-8568-589a98036111;Dual_laser1;11;5;2;2;0;800;0;0;39;0;0.0;0.0;0.0;0;
b5e8e4b2-18ae-45d0-8a7f-d70d5dfa1fd0;Dual_laser1;6;5;2;2;0;800;0;0;51;0;0.0;0.0;0.0;0;
a4c1b332-0e68-4542-a503-af95ecff72e6;CAPACITOR3;5;4;2;1;0;6000;0;0;0;0;
19190206-ca79-4f17-a9fc-65a1b1aaf857;OXYGEN1;4;6;2;1;0;1000;1;0;1;1;1;
f5ac6b95-644f-482c-9d9b-059ba2ab951e;SENSORS1;4;2;2;1;0;1000;0;0;1;1;1;
8efdc4ba-3063-4f51-9abf-9617e3e2a52b;DOOR_CONTROL1;10;4;2;1;0;1000;0;0;15;1;1;
41b86a12-ba08-4b33-8673-7356b0fd73f8;HYPERDRIVE2;6;2;2;2;0;3000;0;0;52;0;1;
f9fab7a3-aba3-47e8-8ab1-3642a95e361a;MEDICAL1;8;4;2;1;0;2000;1;0;14;1;
f1aefe26-e269-4289-97f9-fa925261834b;ENGINES3;12;4;2;1;0;1800;0;0;1;1;1;
8ccd6bac-d934-4141-b515-c8b9c2534fca;SHIELDS3;8;2;2;2;0;3000;6;0;37;0;1;
1b4f0ead-dce7-4320-9d0f-02a5b23364ce;DRONE_SHOP2;3;4;2;1;0;10000;0;0;16;1;2;12;
e6fcdffa-f653-43e7-b520-96e6023ccb4e;SYS_SHOP;11;2;2;2;0;10000;0;0;37;1;150;CAPACITOR1:HULL_BEAM1:MEDICAL3:Heavy_Dual_laser3:SENSORS1:;
