5db67eea-b61c-481d-a45a-fe6e7ba2f4a9;PILOTING1;6;6;2;1;0;5000;0;0;14;1;
1dae0c7e-38bc-44bb-b684-6140c54c14a9;BOU_REACTOR4;8;5;2;2;0;8000;0;0;37;0;1;
04118560-a370-4cfc-8d5a-e2ab99a56d7b;OXYGEN2;10;5;2;1;0;2000;2;0;1;1;1;
a53328cd-89c7-43a5-a6f6-48fdcf6cdc69;DOOR_CONTROL2;6;4;2;1;0;2000;0;0;5;1;1;
202a6d81-62cc-48ae-ba3f-ad948c77f102;ENGINES5;3;8;2;1;0;2200;0;0;3;1;1;
e88b126b-7bff-46d9-833c-1e1dcfc91dd2;BOU_HYPERDRIVE3;2;3;2;2;0;4000;0;0;46;0;1;
5c6d6c2c-9455-4fae-a573-3a9afa0ca4c1;SHIELDS3;12;4;2;2;0;3000;6;0;45;0;1;
6e0b99dc-0cea-4e22-a0fd-64fccd84e2a4;BOU_Hull_Breaker2;2;6;2;2;0;1700;0;0;46;0;0.0;0.0;0.0;0;
f81bf4f5-08e8-43ff-8407-1e1e64b05219;Emp1;5;7;2;2;0;1000;0;0;40;0;0.0;0.0;0.0;0;
029d1122-3a81-432d-87c6-7017791a5037;Hull_Breaker1;5;2;2;2;0;1700;0;0;38;0;0.0;0.0;0.0;0;
77ea0311-7091-40db-875f-92b39de208a6;WEAPONS_CONTROL2;3;5;2;1;0;4000;0;0;5;1;
f76b02f4-970e-4f2b-a6d3-6f75d272bbf3;SENSORS1;15;5;2;1;0;1000;0;0;1;1;1;
