6075c9ea-a1ea-435b-b43d-d25e4e4f922b;PILOTING3;4;6;2;1;0;10000;0;0;1;1;
227360ea-83e1-4be3-ab10-814c264e5bd1;SHIELDS2;8;5;2;2;0;2000;4;0;39;0;1;
4959d196-3216-4040-b0ce-149820c07044;REACTOR3;11;5;2;2;0;5000;0;0;39;0;1;
ed471e50-0685-4493-af5a-afd84f418f93;SYS_SHOP;8;2;2;2;0;10000;0;0;37;1;140;PLASMA_CUTTER1:TELEPORT1:none:Heavy_flamer2:none:none:;
6d1c1f99-640f-4eab-8e4e-e0cd88a5dd38;REPAIR1;5;4;2;1;0;2000;1;0;13;1;
04971434-1620-43b7-8fb8-c94d845760a9;MEDICAL2;12;4;2;1;0;4000;2;0;1;1;
de322f2d-5eb5-4a78-8fb8-037670183044;ENGINES4;10;4;2;1;0;2000;0;0;15;1;1;
088e1c16-6331-43c7-b3db-359d499a0dee;OXYGEN1;4;2;2;1;0;1000;1;0;1;1;1;
c95e0676-bed7-486c-a124-fe8a6f32626e;HYPERDRIVE2;2;5;2;2;0;3000;0;0;47;0;1;
2a24ecbb-be05-4b07-8cdd-ba7d887e138d;CAPACITOR3;8;4;2;1;0;6000;0;0;0;0;
db30175f-be1d-4e01-a267-0ef357b28e87;SENSORS1;1;4;2;1;0;1000;0;0;1;1;1;
289541a0-ba31-490e-91b2-f9a2f9746651;DOOR_CONTROL1;3;4;2;1;0;1000;0;0;16;1;1;
eed3c3c3-9188-4e9b-ab55-9d3d644037be;Dual_laser1;11;2;2;2;0;800;0;0;37;0;0.0;0.0;0.0;0;
ba5451a7-4446-484e-af5d-348f1fcf7b94;Heavy_laser3;2;2;2;2;0;1200;0;0;47;0;0.0;0.0;0.0;0;
