6346baa0-8db5-4e34-8c4a-8647ba39eda3;MEDICAL2;11;7;2;1;0;4000;2;0;14;1;
d33af16f-269d-4cdd-ae20-43694e1ba401;PILOTING1;14;6;2;1;0;5000;0;0;14;1;
52cb3ad7-0797-4493-8a54-f8dabca94abf;BOU_REACTOR4;7;3;2;2;0;3000;0;0;48;0;1;
ef180889-33f2-41de-979b-b581b82a23aa;OXYGEN2;8;9;2;1;1;0;2;0;3;0;1;
96dd24a0-554c-46f0-a308-27c8553f6f5a;DOOR_CONTROL5;13;7;2;1;1;0;0;0;3;1;1;
e9be3db5-3e6a-4622-9293-9522c3ad02fd;BOU_ENGINES3;6;10;2;1;0;1800;0;0;3;1;1;
a0ca821b-88b5-4a9a-a8f0-ea797b5dbc65;HYPERDRIVE1;5;5;2;2;0;1000;0;0;46;0;1;
01122624-7b59-440d-9a6a-18c4c079a555;BOU_SHIELDS5;9;5;2;2;0;1085;10;0;45;0;1;
85aaf7cc-8958-4bd5-aa75-3fb7669b3b14;Hull_Breaker4;10;2;2;2;0;2100;2;1680;55;1;151.0;792.0;13944.0;0;
875c6fe5-e8d4-4e08-953f-13ae5f61f53c;BOU_Dual_laser1;7;7;2;2;0;800;2;1440;50;1;147.0;840.0;13944.0;0;
601e8160-1cc4-4e45-b03c-1f978254f05b;Basic_ML1;4;7;2;2;0;800;1;680;47;1;144.0;1176.0;13896.0;0;
fd483836-3972-421b-ab01-faa9d3f0ec82;Dual_laser3;4;3;2;2;0;1200;2;1280;47;1;147.0;936.0;13992.0;0;
187cfd99-af74-461b-bef3-4b00f624de32;Plasma_Burst2;10;8;2;2;0;2200;3;3000;56;1;148.0;840.0;13896.0;0;
789b860c-7fc3-4914-944f-ffcbdd89537f;WEAPONS_CONTROL2;13;4;2;1;0;4000;0;0;2;1;
6cb58a87-d80f-4454-b039-a2379c294044;SENSORS3;14;5;2;1;0;2000;0;0;14;1;1;
842c0a26-cdaa-4811-9432-455d1fbb7429;CAPACITOR3;6;1;2;1;0;6000;0;0;0;0;
