3fffe6e1-1bb8-40a9-af55-30942e3b1dbb;PILOTING1;8;4;2;1;0;5000;0;0;2;1;
b38162cd-d002-489c-a3bb-79b85292a220;BOU_REACTOR4;5;2;2;2;0;8000;0;0;37;0;1;
cbf0cc62-fef9-4e47-a0bf-aaae83d108b9;OXYGEN1;4;6;2;1;0;1000;1;0;13;1;1;
e3f98636-6e34-4ed8-af93-e1a518c94533;DOOR_CONTROL4;5;5;2;1;0;4000;0;0;14;1;1;
3d6176b4-2023-48a8-afd4-9c63da17e122;BOU_ENGINES3;7;5;2;1;0;1800;0;0;13;1;1;
6d253c0f-0c8c-4aed-9d35-d9f74000bd4e;BOU_HYPERDRIVE2;2;2;2;2;0;3000;0;0;38;0;1;
a11afb82-9513-41ba-a830-bee5205f62a6;SHIELDS4;12;3;2;2;0;4000;8;616;37;0;1;
4787c44e-a39a-4b20-8d54-1159dabf46fe;FIRE_BEAM2;2;7;2;2;0;1100;2;1188;40;0;242.0;6449.28;6353.28;0;
66d1f3e6-60d1-462c-bb96-67b083a951b3;Napalm1;5;7;2;2;0;1500;2;1600;39;1;242.0;6648.0;6456.0;0;
c4360c87-09a4-48d0-918b-06624ad96b94;Emp1;12;6;2;2;0;1000;2;1680;38;1;237.0;6600.0;6744.0;0;
1e48a860-2d31-4f1c-be49-099b3aea6fb3;WEAPONS_CONTROL1;8;6;2;1;0;2000;0;0;3;1;
75f14d29-6dbe-4cc4-8582-da745ddf6547;SENSORS3;10;6;2;1;0;2000;0;0;2;1;1;
