1b2f8486-8bb6-4db4-abcc-1cdd771345e6;PILOTING2;10;2;2;1;0;10000;0;0;2;1;
7f4debe2-35bb-44ff-b107-29820ff59067;TELEPORT2;10;9;2;1;0;1000;2;1600;3;1;1;
5008b527-d544-47fd-8d09-a9a3a6cd483b;BOU_REACTOR4;6;6;2;2;0;8000;0;0;47;0;1;
df937544-fe94-4415-b222-05d932d2905e;OXYGEN1;8;7;2;1;0;1000;1;0;3;1;1;
0b90ea90-3832-4f04-ab15-dbe1f327d6b8;DOOR_CONTROL4;5;1;2;1;0;4000;0;0;4;1;1;
2a61cd2f-6612-466c-ba38-18106f7a3dd0;BOU_ENGINES7;5;10;2;1;0;2600;0;0;4;1;1;
265bd9d1-ebe0-4c45-afd6-c2fc74ad61ec;BOU_HYPERDRIVE4;10;3;2;2;0;5000;0;0;50;0;1;
207c0f94-d5bf-4afa-b7c1-29bccf3143ca;SHIELDS5;14;5;2;2;0;5000;10;1610;45;0;1;
c4a8e0ed-d148-422e-b233-367a8fd6baed;Breacher3;11;5;2;2;1;421;2;0;57;0;0.0;0.0;0.0;0;
110fc767-fe21-4b89-95d6-22f197e89878;BOU_Plasma_Burst2;6;4;2;2;0;2200;3;2676;49;0;298.0;7368.0;4968.0;0;
4f73d96f-c822-402d-a0ed-fec64e08da75;BOU_Heavy_laser1;10;7;2;2;0;800;1;286;48;0;298.0;7320.0;5304.0;0;
2e5b022a-e016-4cfe-8bb9-42d347ec80bc;WEAPONS_CONTROL1;5;2;2;1;0;2000;0;0;3;1;
277fd660-d66d-40e4-b2e7-b98dbe76508a;SENSORS3;8;4;2;1;0;2000;0;0;2;1;1;
377d2d65-fa56-464c-bdba-bfe874c0718a;CAPACITOR2;5;9;2;1;0;4000;0;0;0;0;
