807c483d-133b-4203-a3f3-24b947f4bd07;PILOTING3;4;6;2;1;0;10000;0;0;1;1;
abfa7cdb-7ba5-4451-a604-3bd7e329e899;REACTOR3;8;5;2;2;0;5000;0;0;39;0;1;
3baa2ae3-b742-4339-883f-9c934fd921f9;Dual_laser1;2;2;2;2;0;800;2;1440;47;1;181.0;5544.0;1560.0;0;
43398e55-3d8e-44fc-b050-c6fcc1bba1d2;Dual_laser1;11;5;2;2;0;800;2;1440;39;1;178.0;5592.0;1608.0;0;
378eb1b1-300b-4d58-ae6d-3f9c5c174742;CAPACITOR3;1;4;2;1;0;6000;0;0;0;0;
9231fdd5-d9f6-464b-a19b-1c654bf33614;OXYGEN1;10;4;2;1;0;1000;1;0;15;1;1;
bb110ba6-2c28-4b35-b973-944ca83f4350;SENSORS1;4;2;2;1;0;1000;0;0;1;1;1;
67b3dd77-8012-4c5a-83e3-a257809ecc85;DOOR_CONTROL1;5;4;2;1;0;1000;0;0;13;1;1;
3ead2e0b-6f93-4711-ae83-c00d046b8690;HYPERDRIVE2;11;2;2;2;0;3000;0;0;37;0;1;
79efa01a-7e74-472c-80bf-25995afe74d5;MEDICAL1;8;4;2;1;0;2000;1;0;14;1;
a31809e7-62de-4678-afff-824c7f947c10;ENGINES3;12;4;2;1;0;1800;0;0;1;1;1;
be7bec76-7d04-437d-ae80-6ef9633f0c6c;SHIELDS3;8;2;2;2;0;3000;6;0;37;0;1;
0c9199bf-168d-45d7-8bf1-c2aee1781ed8;DRONE_SHOP;6;5;2;2;0;10000;0;0;51;1;2;15;
fe85234d-b8c8-4c02-a111-b3044932791a;DRONE_SHOP2;3;4;2;1;0;10000;0;0;16;1;3;18;
