cc0a2b70-d677-434b-a8b9-81c562cb6d3a;PILOTING3;4;6;2;1;0;10000;0;0;1;1;
9ea002d7-9a1b-428a-9704-0c0337ad0f9c;SHIELDS2;6;2;2;2;0;2000;4;0;52;0;1;
dad62572-12ea-42ac-85a0-13fb7e22b896;REACTOR3;11;5;2;2;0;5000;0;0;39;0;1;
49c21a2b-bcbc-4f92-8aa8-51cfc8096e62;SYS_SHOP;2;5;2;2;0;10000;0;0;47;1;141;OXYGEN3:FIRE_BEAM4:ENGINES4:PILOTING1:CAPACITOR1:;
eea41f3c-a2f1-41de-8868-85b72d2aa772;REPAIR1;1;4;2;1;0;2000;1;0;1;1;
f77af0da-1634-468c-88dd-ff6d817dffd2;MEDICAL2;8;4;2;1;0;4000;2;0;14;1;
cc9b8618-5adf-4e6c-b00e-095b452eadf1;ENGINES4;3;4;2;1;0;2000;0;0;16;1;1;
4250824c-41f8-456c-872d-022fe3d402f1;OXYGEN1;12;4;2;1;0;1000;1;0;1;1;1;
657e9310-a8ec-4c9d-b6f8-2ac00170a23d;HYPERDRIVE2;8;2;2;2;0;3000;0;0;37;0;1;
9b2d58f1-3f16-4540-8c62-1df479f18cdb;CAPACITOR3;4;2;2;1;0;6000;0;0;0;0;
b01a4f62-8931-45eb-b63f-272182d7fa1a;SENSORS1;10;4;2;1;0;1000;0;0;15;1;1;
4f19c3ff-1055-4593-b6ae-ec884422333f;DOOR_CONTROL1;5;4;2;1;0;1000;0;0;13;1;1;
618df3c1-6757-4d44-b029-b7c80ec85d84;Dual_laser1;2;2;2;2;0;800;0;0;47;0;0.0;0.0;0.0;0;
5c0bca30-1840-4f76-ab9a-67d1ac342e55;Heavy_laser3;8;5;2;2;0;1200;0;0;39;0;0.0;0.0;0.0;0;
