feee543a-b768-4f83-a3a7-4b116607de41;PILOTING3;1;4;2;1;0;10000;0;0;1;1;
92d350ce-a23f-4333-8548-5ddeae64888f;REACTOR3;11;5;2;2;0;5000;0;0;39;0;1;
495c19ba-9f96-4c26-996e-01c956004c75;Dual_laser1;2;2;2;2;0;800;2;1440;47;1;34.0;9288.0;13176.0;0;
7f46742d-8142-4016-a54c-b183c40d3c84;Dual_laser1;6;2;2;2;0;800;2;1440;52;1;34.0;9240.0;13128.0;0;
1bf28507-f3c5-4826-a3d5-6fb94cfb6498;CAPACITOR3;8;4;2;1;0;6000;0;0;0;0;
ef6bfba1-7c61-4697-ae0f-416ecb1c0019;OXYGEN1;4;6;2;1;0;1000;1;0;1;1;1;
9e106d54-e9b3-4960-8a1e-db173dbd46e4;SENSORS1;12;4;2;1;0;1000;0;0;1;1;1;
9179b355-d06c-42a8-8250-c8e4b0270ff5;DOOR_CONTROL1;10;4;2;1;0;1000;0;0;15;1;1;
63741c10-0b5a-4611-82e2-a67d5366244b;HYPERDRIVE2;8;5;2;2;0;3000;0;0;39;0;1;
9499786c-60b6-437e-938f-5a2c52c17f09;MEDICAL1;5;4;2;1;0;2000;1;0;13;1;
a37ce276-7e59-46d8-9511-13f6bf112d70;ENGINES3;3;4;2;1;0;1800;0;0;16;1;1;
e680e7b9-659f-45f0-979b-9bfc0176785d;SHIELDS3;8;2;2;2;0;3000;6;0;37;0;1;
e88e0b5a-3a6d-4c1f-9f0d-03bf6e500384;SHIPS_SHOP;11;2;2;2;0;10000;0;0;37;1;105;none&100rgb69rgb82:none&37rgb62rgb27:LS4 1 L0&95rgb31rgb54:;
a4297845-053a-4359-9587-52bc577f40ea;MIS_SHOP;6;5;2;2;0;10000;0;0;51;1;5;0;
b97c64b7-4911-41ae-bd85-e6028b9fbb15;REPAIR1;4;2;2;1;0;2000;1;0;1;1;
