b6c13953-b1f6-4b58-9fec-7ccbd376e6e0;PILOTING3;11;9;2;1;0;10000;0;0;1;1;
37780670-d9ad-4266-bcea-d0cddc93e282;REACTOR3;9;8;2;2;0;5000;0;0;57;0;1;
a71984a8-2293-4468-b2d9-e1f1206086fa;Dual_laser1;14;2;2;2;0;800;0;0;45;0;0.0;0.0;0.0;0;
0047a79e-7608-40e4-974b-e38c8ef5c405;Dual_laser1;11;2;2;2;0;800;0;0;45;0;0.0;0.0;0.0;0;
27f406b3-79da-4b7c-887e-bb2343969e28;CAPACITOR3;8;12;2;1;0;6000;0;0;0;0;
a8d51116-0b16-4d59-86bf-9a0c971b9695;OXYGEN1;12;11;2;1;0;1000;1;0;8;1;1;
4936773a-3d5a-4065-a8c4-c89d307f91ed;SENSORS1;6;12;2;1;0;1000;0;0;1;1;1;
c181d128-39ed-47f3-9a6a-bafd732bfb25;DOOR_CONTROL1;9;3;2;1;0;1000;0;0;14;1;1;
cdc106b6-e799-4f55-b4b9-c06b23cfac13;HYPERDRIVE1;3;7;2;2;0;1000;0;0;42;0;1;
323e19d8-0a76-4390-8242-affe10de4176;MEDICAL1;16;3;2;1;0;2000;1;0;2;1;
57d44f9c-75c5-4ea2-8c20-880780b1234b;ENGINES2;4;9;1;2;0;1400;0;0;20;1;1;
792dd5d2-f270-4927-b859-2d5dd4d09a5a;SHIELDS3;14;9;2;2;0;3000;6;0;38;0;1;
063db6f1-c782-4238-879c-e2d189b94c29;REPAIR1;18;5;1;2;0;2000;1;0;21;1;
cd32cb02-8e75-47d2-b075-23a516652642;REPAIR1;5;10;1;2;0;2000;1;0;21;1;
92765ce3-f3a4-4861-a86b-4abf7c542ddd;REPAIR1;3;5;1;2;0;2000;1;0;19;1;
dba46543-8636-440f-923b-fe9fb1508fce;CAPACITOR1;13;3;1;2;0;2000;0;0;0;0;
