a97e4f81-4e62-46e9-97f8-4982e85b4292;PILOTING1;8;7;2;1;0;5000;0;0;3;1;
a6703251-9907-4e68-bf4f-13ce76c903ff;BOU_REACTOR4;11;7;2;2;0;8000;0;0;39;0;1;
98bedddc-7136-4c58-ac1f-29dc54edd38b;OXYGEN2;14;5;2;1;0;2000;2;0;7;1;1;
7c03ea2f-f98c-4d0e-a441-64d90bc2d927;DOOR_CONTROL5;11;6;2;1;0;5000;0;0;16;1;1;
e42153fa-5e1a-48f8-b2af-b1360390f082;ENGINES4;4;7;2;1;0;2000;0;0;9;1;1;
a15587a2-1ba2-46af-bb32-7caaaa7145b9;HYPERDRIVE1;3;3;2;2;0;1000;0;0;38;0;1;
85e9b684-cb31-4b26-97aa-82aa6e93e6ac;BOU_SHIELDS3;3;8;2;2;0;3000;6;0;40;0;1;
bfcf2089-c861-4bb7-a67b-c1143f190fcd;BOU_Heavy_laser2;6;7;2;2;0;1000;1;600;45;1;13.0;11544.0;12456.0;0;
e18f5db0-0f14-4d87-8841-d2b24ba73f30;BOU_Hull_Breaker4;11;4;2;2;0;2100;2;1542;37;0;13.0;11256.0;12408.0;0;
1fff9219-1893-4bee-a27c-64e90a30b673;Single_emp2;6;4;2;2;0;1100;2;1234;45;0;12.0;11304.0;12456.0;0;
8b68588b-cae0-4dba-bc27-7ce483829569;WEAPONS_CONTROL1;9;6;2;1;0;2000;0;0;14;1;
6e4917e9-0745-4a48-ac4b-0cbe945e5526;SENSORS1;14;7;2;1;0;1000;0;0;6;1;1;
6ef2a67c-54fd-482b-980c-b7cd2c2a5cb6;CAPACITOR3;4;6;2;1;0;6000;0;0;0;0;
