83375230-447d-49ec-b795-ac29b999e08e;PILOTING2;14;5;2;1;0;10000;0;0;7;1;
5dff987d-0235-4d1b-ac57-644fe8362592;BOU_REACTOR4;6;4;2;2;0;8000;0;0;45;0;1;
d9b8ccff-63dc-4efe-9498-5f110fde5c40;OXYGEN3;11;6;2;1;0;1000;3;0;16;1;1;
2bb542ca-8cb0-4798-b4cf-48dc1c8f48e4;DOOR_CONTROL5;2;6;2;1;0;5000;0;0;1;1;1;
5daeb214-17e1-4519-a542-e172bec16c03;BOU_ENGINES8;4;5;2;1;0;2800;0;0;11;1;1;
b6c9fb23-b829-4317-ba53-e4ea22d53017;HYPERDRIVE4;3;8;2;2;0;5000;0;0;40;0;1;
cf57cb2d-def3-482e-b655-e3addc6aed26;BOU_SHIELDS2;3;3;2;2;0;2000;4;0;38;0;1;
36996e31-c8a1-4fde-89ca-04d73bc50b43;Railgun3;6;7;2;2;0;2200;0;0;45;0;0.0;0.0;0.0;0;
56d07742-b0c4-4213-996f-b84cdb8163a2;Railgun1;11;7;2;2;0;1000;0;0;39;0;0.0;0.0;0.0;0;
48f5d234-e781-4c37-a31d-3a9d66618581;Basic_laser3;11;4;2;2;0;1200;0;0;37;0;0.0;0.0;0.0;0;
7f576e98-4dbc-4505-b731-6ef5b27c2e00;WEAPONS_CONTROL2;8;7;2;1;0;4000;0;0;3;1;
ffe8dc7c-e502-4cb9-9e63-e836d963ed69;SENSORS4;4;7;2;1;0;4000;0;0;9;1;1;
fb56a5f1-ac1a-4ab3-8687-17a5babb0261;CAPACITOR3;8;5;2;1;0;6000;0;0;0;0;
