a7573879-96d2-4694-bcee-a0070d3df50e;PILOTING3;12;4;2;1;0;10000;0;0;1;1;
7274b6ce-5e04-4113-86e3-5efb3041da31;SHIELDS3;2;2;2;2;0;3000;6;0;47;0;1;
4041f730-70a5-4f41-ace9-573ac8d6e9f3;REACTOR3;11;2;2;2;0;5000;0;0;37;0;1;
3ae47905-ed24-4fdf-af0b-645dac0dcc44;Dual_laser1;6;5;2;2;0;800;0;0;51;0;0.0;0.0;0.0;0;
a14fe1fe-4187-4334-bb69-41d265bec5e0;Dual_laser1;8;5;2;2;0;800;0;0;39;0;0.0;0.0;0.0;0;
88b5b39b-d9ba-482c-be98-39af428d16f9;CAPACITOR3;4;2;2;1;0;6000;0;0;0;0;
222c020f-a4aa-47e1-ab8e-db20fda468e8;ENGINES4;8;4;2;1;0;2000;0;0;14;1;1;
890df36d-02d7-466a-a139-0a11bb10bedd;OXYGEN1;4;6;2;1;0;1000;1;0;1;1;1;
8eb75d2c-95fd-49e0-b2c6-7c1a114f5859;SENSORS1;5;4;2;1;0;1000;0;0;13;1;1;
6da4357f-2b29-45de-b14f-b316e53e5468;DOOR_CONTROL1;1;4;2;1;0;1000;0;0;1;1;1;
fd05188e-051a-4b0c-90c5-7df7a5f76669;HYPERDRIVE2;6;2;2;2;0;3000;0;0;52;0;1;
10f0aec7-01cd-4cd5-b3ad-745c49e7cd24;DRONE_SHOP2;10;4;2;1;0;10000;0;0;15;1;3;16;
7f740958-2298-4bab-bb75-724e69dd892d;REPAIR2;11;5;2;2;0;2000;1;0;39;1;
8eea5418-9f88-44a2-aa02-89311154ef3b;MIS_SHOP2;3;4;2;1;0;10000;0;0;16;1;4;6;
