1aa00e15-f163-4cfb-8850-f4b334fe49f0;PILOTING3;4;6;2;1;0;10000;0;0;1;1;
a9a8cec5-7c51-43c6-9ccc-0b0cfffb8647;REACTOR3;11;2;2;2;0;5000;0;0;37;0;1;
250c8ce2-bc19-4587-a8ce-130683599bfb;SHIELDS2;6;5;2;2;0;2000;4;0;51;0;1;
453c2c00-e627-4c00-a336-15051089b85b;REPAIR1;4;2;2;1;0;2000;1;0;1;1;
aa83b40f-6b9a-41dd-8fd7-24abf3b92e70;MEDICAL2;5;4;2;1;0;3760;2;0;13;1;
1d63cc67-3fe5-453c-8c82-edcec4a57772;ENGINES4;3;4;2;1;0;2000;0;0;16;1;1;
c1a03fd6-98d9-471f-af10-b54a9c598f9b;OXYGEN1;12;4;2;1;0;1000;1;0;1;1;1;
3436c97a-0d18-4572-889e-778da672abe3;HYPERDRIVE2;8;5;2;2;0;3000;0;0;39;0;1;
3ae20271-6f77-468e-bfbf-55f1b7d88eaf;CAPACITOR3;1;4;2;1;0;6000;0;0;0;0;
09267e9b-4a76-4af4-ad70-8301c97536a4;SENSORS1;8;4;2;1;0;1000;0;0;14;1;1;
8f73f690-530e-4204-8161-79c753a22f39;DOOR_CONTROL1;10;4;2;1;0;1000;0;0;15;1;1;
711527dd-6df0-4c82-8531-69311018773d;Dual_laser1;2;5;2;2;0;800;0;0;47;0;0.0;0.0;0.0;0;
4765ed3b-f6a0-42eb-b9a1-da8b9de6ecee;Heavy_laser3;2;2;2;2;0;1200;0;0;47;0;0.0;0.0;0.0;0;
d510a9e1-3c79-4ee6-bb6d-e440a4b883d5;MIS_SHOP;6;2;2;2;0;10000;0;0;52;1;5;25;
