0f44e619-315c-46ba-bf34-dc81683b0b88;PILOTING2;11;6;2;1;0;10000;0;0;1;1;
bb2fc937-13e6-4076-a844-43a442734e8e;BOU_REACTOR4;3;8;2;2;0;8000;0;0;40;0;1;
34fcc16d-499e-4320-b6fb-ab6669268ba5;OXYGEN1;4;6;2;1;0;1000;1;0;15;1;1;
3afc9a83-82e3-47fd-a925-bc4142a1bcd6;DOOR_CONTROL2;4;7;2;1;0;2000;0;0;6;1;1;
ae17e272-2fbf-4ba7-aced-37d8ecce992e;BOU_ENGINES4;7;7;2;1;0;2000;0;0;3;1;1;
c1c06fe3-7fba-479d-83d2-33d92f70dcff;HYPERDRIVE1;13;7;2;2;0;1000;0;0;37;0;1;
cb4e421f-fef8-4506-a6fe-71363bbb2a67;BOU_SHIELDS4;13;4;2;2;0;4000;8;456;38;0;1;
99e39271-8391-46fd-9217-028fd121a91a;Heavy_laser4;9;4;2;2;0;1400;1;262;37;0;147.0;7752.0;3048.0;0;
e58a5401-3188-4a1b-aa58-eb89ecdcef00;BOU_PLASMA_CUTTER3;9;7;2;2;0;1400;2;270;39;0;109.0;8712.96;7398.72;0;
a1c6f7a9-44a0-4269-81e1-0b6ddf14eeae;BOU_Basic_ML2;3;3;2;2;0;1000;1;174;38;0;146.0;7848.0;2904.0;0;
b9dafbcd-f980-4907-b324-25de1cd29b88;WEAPONS_CONTROL2;4;5;2;1;0;4000;0;0;7;1;
84cb985a-0678-4f75-8eaa-35323c6a13ab;SENSORS2;2;6;2;1;0;2000;0;0;1;1;1;
ff8913ce-7c2c-4277-8924-25417d65674e;CAPACITOR2;7;5;2;1;0;4000;0;0;0;0;
