89449d22-d127-4a51-bef6-d8165dca0622;PILOTING2;13;6;2;1;0;10000;0;0;1;1;
59ed082f-ca72-4367-851c-92edd07e0572;BOU_REACTOR4;9;4;2;2;0;8000;0;0;37;0;1;
4582c51c-17b0-40e2-8595-a381e6bebfb3;OXYGEN1;9;6;2;1;0;1000;1;0;14;1;1;
7163faea-7160-4688-8815-950312366fb0;DOOR_CONTROL3;4;5;2;1;0;3000;0;0;7;1;1;
bd4a309b-87d7-4432-a3bc-90ee92dfcda2;ENGINES4;7;7;2;1;0;2000;0;0;3;1;1;
c7d3c399-780b-48d8-959e-df2902f38113;BOU_HYPERDRIVE2;3;3;2;2;0;3000;0;0;38;0;1;
f52f3194-d5b2-4e90-a8d9-b57e3e9ca249;SHIELDS5;9;7;2;2;0;5000;10;0;39;0;1;
c497a23f-9c56-4a78-9848-4280f558c62a;BOU_HULL_BEAM1;3;8;2;2;0;800;2;1920;40;1;10.0;9427.2;9342.72;0;
774ed37d-24f3-48dc-8b27-c6dad76810f0;BOU_Triple_laser3;13;7;2;2;0;1900;3;2280;37;1;10.0;9432.0;9288.0;0;
e4188c10-21e1-4f14-af1e-090d382afe16;Cluster_ML1;13;4;2;2;0;1000;3;3120;38;1;9.0;9576.0;9384.0;0;
37f17953-abd9-4128-8919-6cf6f0218ef1;WEAPONS_CONTROL2;6;6;2;1;0;4000;0;0;13;1;
b5731dfb-58db-4195-8987-658b55d63fd5;SENSORS1;7;5;2;1;0;1000;0;0;2;1;1;
5771cd4b-2545-4c40-9d3b-742d31824e6e;CAPACITOR1;15;6;2;1;0;2000;0;0;0;0;
a7022ffc-4ee7-494d-b7ce-bd0a5d36a3d4;BOU_TELEPORT2;11;6;2;1;0;1000;2;1600;1;1;1;
