15043784-fae3-467e-94fe-efbc39ebd1aa;MEDICAL2;5;2;2;1;0;2000;2;0;1;1;
eb6dc0b7-a03a-41c3-a05d-878ccecddf7c;PILOTING2;10;3;2;1;0;10000;0;0;1;1;
7146c1d8-c3d3-453c-b4df-d4501a558e48;BOU_REACTOR4;8;2;2;2;0;8000;0;0;38;0;1;
2714fe52-4447-44ae-9e81-8c202a148a31;OXYGEN2;1;4;2;1;0;2000;2;0;8;1;1;
f6b32051-94d4-4d79-8251-73cc918ad7d6;DOOR_CONTROL1;1;5;2;1;1;0;0;0;8;1;1;
5c0746bb-86b7-4b2d-b1fb-4b1b89994625;BOU_ENGINES3;13;5;2;1;0;1800;0;0;5;1;1;
2603e853-0694-4fba-98a2-d6e208ed7874;BOU_Hull_Breaker2;12;6;2;2;0;1700;2;1840;46;1;315.0;10728.0;4008.0;0;
66a26324-222b-4712-87d2-e3c22161af0a;BOU_GAT_LASER2;6;13;2;2;0;1200;3;2640;37;1;316.0;10403.04;3871.68;0;
f6619041-94f6-4b20-8212-4365e5503186;SENSORS2;11;9;2;1;0;2000;0;0;3;1;1;
19216899-d269-4c8b-8f81-d1102f9e9b41;BOU_TELEPORT2;10;8;2;1;1;54;2;0;2;0;1;
