d927718b-4b4e-49ce-97be-0de999a8fe70;PILOTING3;1;4;2;1;0;10000;0;0;1;1;
8a0073e1-6837-4af0-a0a9-27edabdead04;REACTOR3;8;2;2;2;0;5000;0;0;37;0;1;
e8f797a3-c350-406e-bfe2-5e2b15885b36;Dual_laser1;2;2;2;2;0;800;2;1440;47;1;220.0;936.0;984.0;0;
e80f392c-1312-45e0-a005-e843bdfa9aec;Dual_laser1;6;5;2;2;0;800;2;1440;51;1;219.0;1032.0;936.0;0;
bbed47a8-f04b-4acd-9490-ef8772d858c1;CAPACITOR3;3;4;2;1;0;6000;0;0;0;0;
c66d71d5-f581-425f-80b1-0b3c24d4a610;OXYGEN1;4;6;2;1;0;1000;1;0;1;1;1;
db7b6744-219d-4582-aa1a-8b35d48cc81f;SENSORS1;10;4;2;1;0;1000;0;0;15;1;1;
97c90de6-b914-4154-bb80-f8a0b0801752;DOOR_CONTROL1;4;2;2;1;0;1000;0;0;1;1;1;
7f2b739e-1011-46e8-b6ec-5287661965ae;HYPERDRIVE2;8;5;2;2;0;3000;0;0;39;0;1;
ebbeaa65-2ddb-4d18-9746-a86eb0000829;MEDICAL1;12;4;2;1;0;2000;1;0;1;1;
8e1ff2ad-f8dc-4e65-8378-0695a28d059e;ENGINES3;8;4;2;1;0;1800;0;0;14;1;1;
f13c720c-2af7-45c5-8771-03eb503874be;SHIELDS3;2;5;2;2;0;3000;6;0;47;0;1;
4dd8bc6a-3977-4601-b035-17bad4f5adc2;SHIPS_SHOP;11;5;2;2;0;10000;0;0;39;1;98;CRUS4 2 L4&48rgb55rgb84:none&85rgb72rgb22:LS4 1 L0&76rgb83rgb97:LS1 1 L0&60rgb30rgb44:;
59d32ff2-f3a7-4b5e-8af3-9c1d95fb9973;SYS_SHOP2;5;4;2;1;0;10000;0;0;13;1;182;DOOR_CONTROL5:CLOAK1:none:none:none:CAPACITOR2:;
939efc8f-ba62-4f38-bb05-c5d540e4da71;MIS_SHOP;6;2;2;2;0;10000;0;0;52;1;5;32;
