41a594d4-ed07-4907-ae1e-5eb91e2154f1;PILOTING1;19;6;1;2;0;5000;0;0;22;1;
2eb8e05a-7637-4c5a-8c02-b530b3b6e604;FALCON_REACTOR;5;7;2;2;0;3000;0;0;38;0;1;
a4abe8f5-1afe-4e31-b99b-5d7869e947bb;FALCON_ENGINES;4;6;1;2;0;1000;0;0;20;1;1;
f1e32b7e-b60a-425f-86b8-abfd9025e077;WEAPONS_CONTROL1;16;8;2;1;0;2000;0;0;3;1;
26fc73bd-f1a0-4e14-a7d8-bb228275da53;FALCON_SHIELDS;17;6;2;2;0;1000;0;0;57;0;1;
98891ada-51f1-49a9-8ec7-c9b4980b0d41;FALCON_SENSORS;16;5;2;1;0;1000;0;0;2;1;1;
9f9b4b68-a635-457e-bad4-0965df169a49;FALCON_O2;12;7;1;2;0;1000;1;0;20;1;1;
bc513a2a-0221-4379-bbbe-4a1cbd1508fb;MEDICAL1;12;5;1;2;0;2000;0;0;20;0;
7f311f90-6fed-4464-8663-20cc0c7f9002;FALCON_DC;10;4;1;2;0;1000;0;0;31;1;1;
0c7bc767-65c2-4552-8164-0320f72892ec;CAPACITOR1;10;8;1;2;0;2000;0;0;0;0;
0a128690-5cda-412e-8b4b-cd527c577608;FALCON_HD;20;6;2;2;0;1000;0;0;37;0;1;
e8895bc4-ab57-4154-8abe-a3186cf72eb6;Triple_laser1;5;5;2;2;0;1500;0;0;37;0;0.0;0.0;0.0;0;
7c9c3c30-cb14-44d3-a90e-2d7edd89db4b;Basic_ML1;9;6;2;2;0;800;0;0;46;0;0.0;0.0;0.0;0;
