6cf57480-bc6e-4aab-81a9-447c0382d653;TELEPORT2;3;8;2;1;0;1000;2;1600;14;1;1;
1ad52c19-bf15-4ca3-96a1-96ae22248b32;PILOTING1;5;8;2;1;0;5000;0;0;3;1;
d98f9927-1625-4941-9835-9fe94e61e64d;BOU_REACTOR4;8;5;2;2;0;8000;0;0;45;0;1;
37baed71-7bb8-4939-8289-4085f9396585;OXYGEN2;5;2;2;1;0;2000;2;0;2;1;1;
f309eb9e-db2f-4abe-a392-2a54e5aa79e7;DOOR_CONTROL5;5;5;2;1;0;5000;0;0;2;1;1;
f7dddd37-3093-4bc1-b808-885aab0444a6;BOU_ENGINES4;5;11;2;1;0;2000;0;0;3;1;1;
c20ad003-0afb-4aae-830b-cc0cf5b75578;HYPERDRIVE2;6;6;2;2;0;3000;0;0;68;0;1;
84ecb345-c361-4466-b010-e8d4759137bf;BOU_SHIELDS5;4;6;2;2;0;5000;10;0;45;0;1;
eb000a61-6319-4ef6-b7af-578d3e826674;Advanced_ML2;10;6;2;2;0;1400;0;0;45;0;0.0;0.0;0.0;0;
f36e0835-5859-4e90-ad85-5de131ad3d8c;Triple_laser4;2;6;2;2;0;2100;0;0;47;0;0.0;0.0;0.0;0;
1a218a82-283c-4236-88eb-5ebabcf90918;Napalm1;8;7;2;2;0;1500;0;0;45;0;0.0;0.0;0.0;0;
976858b2-34b2-442b-86d0-200442153dda;WEAPONS_CONTROL2;3;5;2;1;0;4000;0;0;14;1;
3b2942c3-d413-4db6-b5ca-6c81a5728818;SENSORS3;4;10;2;1;0;2000;0;0;2;1;1;
1f6cf0a8-f14d-4089-88ce-1e8ddd95c62c;CAPACITOR3;4;3;2;1;0;6000;0;0;0;0;
