f1c1bd23-0cea-4d90-b9c2-b45491e33c9e;PILOTING1;13;6;2;1;0;5000;0;0;1;1;
e64856e3-0e1c-4eaa-b5f0-b83acecf30df;BOU_REACTOR4;3;8;2;2;0;8000;0;0;40;0;1;
fe7500cd-42fe-418a-b6b6-6313ff314947;OXYGEN1;4;5;2;1;0;1000;1;0;11;1;1;
4580765c-fa75-413b-9471-9d9a549af0ba;DOOR_CONTROL3;8;5;2;1;0;3000;0;0;2;1;1;
3c5165d3-2f47-46ff-a27a-cbd1ab1837d9;BOU_ENGINES6;8;7;2;1;0;2400;0;0;3;1;1;
484c973a-c845-4822-8cfc-f4a64d01af13;HYPERDRIVE4;6;4;2;2;0;5000;0;0;45;0;1;
686665c2-8687-4d21-bc5b-ae99d9a9ff31;SHIELDS5;11;7;2;2;0;5000;10;0;39;0;1;
b2135842-8312-4f01-946e-85c7953d74b3;BOU_FIRE_BEAM4;3;3;2;2;0;1700;0;0;38;0;0.0;0.0;0.0;0;
290712d0-5f0d-440f-b43e-18a3c05cdb56;Heavy_laser4;11;4;2;2;0;1400;0;0;37;0;0.0;0.0;0.0;0;
14531c73-6ead-42bd-837c-5c859b33261f;BOU_Cluster_ML1;6;7;2;2;0;1000;0;0;45;0;0.0;0.0;0.0;0;
bddf09fd-b127-409c-97f9-ec58743c896d;WEAPONS_CONTROL1;13;4;2;1;0;2000;0;0;2;1;
255117f7-8684-404d-b56e-39ef99720969;SENSORS2;4;7;2;1;0;2000;0;0;9;1;1;
f817f76f-eeb5-4727-b4c9-d960ceec7cad;CAPACITOR5;13;8;2;1;0;14000;0;0;0;0;
