9eb0956b-782e-4a67-b9c9-b7b543c81981;PILOTING2;4;5;2;1;0;10000;0;0;7;1;
9e49561a-ef76-4d10-8de8-1037d0b56c1e;BOU_REACTOR4;13;7;2;2;0;8000;0;0;37;0;1;
8b96f9ba-8e0e-453b-b986-1ddbddf04509;OXYGEN1;13;6;2;1;0;1000;1;0;1;1;1;
9ddbd1b4-339b-4028-9dc2-d0aa9b6bf281;DOOR_CONTROL5;7;5;2;1;0;5000;0;0;2;1;1;
6fd5e12f-322d-41cf-a28b-5be3e29f7d0a;ENGINES4;6;6;2;1;0;2000;0;0;13;1;1;
a72fb4c5-6797-42c5-9aa2-e94b8564e212;BOU_HYPERDRIVE4;13;4;2;2;0;5000;0;0;38;0;1;
760e15c2-55a0-4dee-9ef4-d5ec33aed2b7;SHIELDS3;3;8;2;2;0;3000;6;0;40;0;1;
f4f9588b-1a94-4978-bed5-f612ce20f3c4;Emp3;9;4;2;2;0;1100;2;1520;37;1;221.0;7800.0;8472.0;0;
b01f5d44-723c-4272-8333-910e405a0651;Pierce_laser4;9;7;2;2;0;1900;2;1360;39;1;219.0;7608.0;8376.0;0;
58ea6f42-dc52-4149-aa03-b8965d8524f8;Heavy_Dual_laser1;3;3;2;2;0;1500;3;2400;38;1;222.0;7464.0;8376.0;0;
7ff4b9d5-6b11-4221-acbd-3a2b3a0980c8;WEAPONS_CONTROL1;4;7;2;1;0;2000;0;0;6;1;
7692b55c-e9be-4e60-ba88-32937f7e4f87;SENSORS1;7;7;2;1;0;1000;0;0;3;1;1;
f7a0c381-160c-47d4-b509-d85fd876902b;CAPACITOR4;9;6;2;1;0;12000;0;0;0;0;
