7e45f4aa-ff8d-4b4f-b1ca-3e720b7ba198;PILOTING1;4;6;2;1;0;5000;0;0;15;1;
2cb79316-596b-4971-ad39-84268b1f8ffb;BOU_REACTOR4;13;7;2;2;0;8000;0;0;37;0;1;
70e2d2b8-0768-404d-887f-e399bc239075;OXYGEN2;9;6;2;1;0;2000;2;0;14;1;1;
20f53d21-accd-426f-9ad6-1a76dfb1b509;DOOR_CONTROL2;11;4;2;1;0;2000;0;0;1;1;1;
6686ee23-7503-4e7b-8358-bcf74396b161;ENGINES5;15;6;2;1;0;2200;0;0;1;1;1;
7507a4d0-372e-4e11-ab3f-08f999b9f333;BOU_HYPERDRIVE1;9;7;2;2;0;1000;0;0;39;0;1;
0cd02c67-34bd-4c97-9fef-70af71fbb570;SHIELDS2;3;3;2;2;0;2000;4;0;38;0;1;
86d82c08-5088-47ca-b5ea-54fa9ba747f0;Dual_Launcher2;3;8;2;2;0;2000;0;0;40;0;0.0;0.0;0.0;0;
79cc5f27-5ccd-44bf-a565-9cd01bdf4061;BOU_Advanced_ML3;9;4;2;2;0;1400;0;0;37;0;0.0;0.0;0.0;0;
fd0a8a3b-d737-4520-98b6-f8bba99daf5a;WEAPONS_CONTROL2;4;5;2;1;0;4000;0;0;7;1;
2e7ef424-d4bb-4a35-a9f3-bd2abfe36afc;SENSORS4;7;7;2;1;0;4000;0;0;3;1;1;
5f71032d-75ca-46c1-af01-5f0f6110bcc5;CAPACITOR3;6;6;2;1;0;6000;0;0;0;0;
