b5d75a49-2110-4c29-a68a-adff8b2d8984;PILOTING1;11;6;2;1;0;5000;0;0;1;1;
6241ff56-0ced-4b2f-863a-c82563944ffa;BOU_REACTOR4;3;3;2;2;0;8000;0;0;38;0;1;
b264cf87-215f-4011-8a49-98b845ba02e1;OXYGEN3;7;5;2;1;0;1000;3;0;2;1;1;
041d90f1-00d9-4e00-93c2-c4111854ae5a;DOOR_CONTROL4;11;4;2;1;0;4000;0;0;1;1;1;
1ffb958e-46eb-498a-b8f6-ebca3b43c867;ENGINES5;2;6;2;1;0;2200;0;0;1;1;1;
7dce0e36-b957-4bdf-8e02-cf77b91471c0;HYPERDRIVE4;9;4;2;2;0;5000;0;0;37;0;1;
620ff332-e4b6-4cf0-a92c-1e3c1e3f5f43;SHIELDS4;3;8;2;2;0;4000;8;0;40;0;1;
cab05699-1769-4338-bf05-2c54aaaa3183;BOU_Pierce_laser1;9;7;2;2;0;1300;0;0;39;0;0.0;0.0;0.0;0;
20d9a46f-07c7-46a0-888b-737f2b6455d3;Plasma_Cannon4;13;4;2;2;0;2700;0;0;38;0;0.0;0.0;0.0;0;
939d02d1-d2e8-4d80-b755-728d3c990dbc;Emp1;13;7;2;2;0;1000;0;0;37;0;0.0;0.0;0.0;0;
5693c66c-7b99-4e6f-8472-de5e39d18a12;WEAPONS_CONTROL2;15;6;2;1;0;4000;0;0;1;1;
c164c0a4-0abe-44d6-8126-d0fe2480a82e;SENSORS1;9;6;2;1;0;1000;0;0;14;1;1;
638f8d10-f8ef-40b2-bea6-718c6d9225cc;CAPACITOR4;7;7;2;1;0;12000;0;0;0;0;
