0cbedc67-93e7-4cd6-a3e5-fd0cc4a76c69;PILOTING3;8;4;2;1;0;10000;0;0;14;1;
e7e4b2a4-018c-4fe3-981a-1f33a05f5cd7;REACTOR3;11;5;2;2;0;5000;0;0;39;0;1;
f61110b8-c062-4c0a-8851-a140d6a46e65;SHIELDS3;11;2;2;2;0;3000;6;0;37;0;1;
ee2fb84d-5a29-4cf0-a360-c788f9b20208;Dual_laser1;8;5;2;2;0;800;0;0;39;0;0.0;0.0;0.0;0;
33bf61fb-89da-4b68-b6cb-9f9f0e51c530;Dual_laser1;6;5;2;2;0;800;0;0;51;0;0.0;0.0;0.0;0;
fe08d9ef-83c3-462c-b11c-61fb3898498b;CAPACITOR3;1;4;2;1;0;6000;0;0;0;0;
1a93615f-80a3-41c7-bd60-98308f9b372f;OXYGEN1;5;4;2;1;0;1000;1;0;13;1;1;
24d0ec70-fe61-49c7-8e97-e9a81be85419;SENSORS1;3;4;2;1;0;1000;0;0;16;1;1;
f2583245-a68f-4631-a0c0-2cc6c35fab81;DOOR_CONTROL1;10;4;2;1;0;1000;0;0;15;1;1;
15923fd6-b553-44b5-93af-9ef8e162a90c;HYPERDRIVE2;8;2;2;2;0;3000;0;0;37;0;1;
7579e8dc-f6dd-48fc-b06a-8fb26c126e78;REPAIR1;4;2;2;1;0;2000;1;0;1;1;
b691f5bb-a9b5-4d86-b049-4ab5e1b9f461;MEDICAL1;12;4;2;1;0;2000;1;0;1;1;
79f5299b-5d4c-4709-8f12-4585d71b6675;ENGINES3;4;6;2;1;0;1800;0;0;1;1;1;
f8f71c97-05a3-4f77-8f2a-4c9c45dea911;MIS_SHOP;2;5;2;2;0;10000;0;0;47;1;2;37;
