ead05622-a202-4027-817e-10626a06a15f;PILOTING3;4;2;2;1;0;10000;0;0;1;1;
66d9acb3-12f6-4ff8-8643-39698917abfd;REACTOR3;6;5;2;2;0;5000;0;0;51;0;1;
d7d14e54-944e-4fef-adab-35d39b1ccf10;Dual_laser1;11;2;2;2;0;800;0;0;37;0;0.0;0.0;0.0;0;
dea70e06-b470-4bca-a318-d25751178110;Dual_laser1;2;5;2;2;0;800;0;0;47;0;0.0;0.0;0.0;0;
0d81efb0-7fdf-4e78-8273-85848e0382c8;CAPACITOR3;5;4;2;1;0;6000;0;0;0;0;
7da4a73c-9595-4a26-9b2c-db16a956a477;OXYGEN1;4;6;2;1;0;1000;1;0;1;1;1;
e8240947-2c30-447c-835b-baa21c66dff2;SENSORS1;12;4;2;1;0;1000;0;0;1;1;1;
4e17247e-e4b9-4f95-a7d3-4ce705a51351;DOOR_CONTROL1;10;4;2;1;0;1000;0;0;15;1;1;
ae79875d-6872-498b-99f0-60534107b7ad;HYPERDRIVE2;11;5;2;2;0;3000;0;0;39;0;1;
ada21aaf-4e68-479a-98c1-19cbc916f8ca;MEDICAL1;1;4;2;1;0;2000;1;0;1;1;
145d4ff5-2106-4628-8fca-2a1c68280838;ENGINES3;8;4;2;1;0;1800;0;0;14;1;1;
7e552f5c-a168-4663-80b5-630110104d3e;SHIELDS3;2;2;2;2;0;3000;6;0;47;0;1;
0f0bf0b0-ffb7-4744-9598-b230e95837d5;SYS_SHOP2;3;4;2;1;0;10000;0;0;16;1;84;FIRE_BEAM2:Railgun4:Basic_ML4:SENSORS4:FIRE_BEAM5:CAN_OPENER1:;
471c1f42-1343-4723-b664-f8fd74e8cfd7;MIS_SHOP;8;2;2;2;0;10000;0;0;37;1;5;32;
