ed99c552-12ef-40f5-988f-ff8ea7834718;PILOTING3;12;4;2;1;0;10000;0;0;1;1;
cde1d713-d5b6-4082-b3e5-ca0feffbe754;REACTOR3;2;5;2;2;0;5000;0;0;47;0;1;
f29f63e3-3084-49cc-a38c-e2d6fbd40fd8;SHIELDS3;11;2;2;2;0;3000;6;0;37;0;1;
c9ad8488-29da-4b93-a75a-f3d61b0f58c9;Dual_laser1;11;5;2;2;0;800;0;0;39;0;0.0;0.0;0.0;0;
2949112f-8e48-4312-be34-0ce1026d529d;Dual_laser1;6;2;2;2;0;800;0;0;52;0;0.0;0.0;0.0;0;
83f6ac24-fe34-456f-bb53-fd8d20f5043e;CAPACITOR3;10;4;2;1;0;6000;0;0;0;0;
8b2db8e9-7619-481e-80e6-cbd09b10302b;OXYGEN1;4;2;2;1;0;1000;1;0;1;1;1;
d6bd22ad-027a-4d31-a6b2-c939c5ceff59;SENSORS1;1;4;2;1;0;1000;0;0;1;1;1;
9bfb3b1a-e15a-4499-a1e5-d2213a067e2d;DOOR_CONTROL1;3;4;2;1;0;1000;0;0;16;1;1;
61d4a8c9-5a6b-4fb5-9930-94629ea5b6de;HYPERDRIVE2;6;5;2;2;0;3000;0;0;51;0;1;
9b9eedc5-e0c6-4d85-845f-5d9f7892a912;REPAIR1;5;4;2;1;0;2000;1;0;13;1;
4f51afbc-dd13-47fd-adc4-25f1d1c3770a;MEDICAL1;8;4;2;1;0;2000;1;0;14;1;
95d0c3ff-40d7-4566-a644-aaa54884292b;ENGINES3;4;6;2;1;0;1800;0;0;1;1;1;
6c1da8bf-b732-4861-b72d-e47aa98fc11f;MIS_SHOP;8;2;2;2;0;10000;0;0;37;1;5;25;
