4af7b907-85db-4b7b-82a3-7f9e6195c806;PILOTING2;4;6;2;1;0;10000;0;0;15;1;
d543089a-0c60-4c84-9566-bbe3f84de966;BOU_REACTOR4;13;4;2;2;0;9000;0;0;38;0;3;
4502b2d9-c4e0-4281-ae26-be042a8cb5ff;SHIELDS3;9;7;2;2;0;3000;6;0;39;0;1;
575c3f5f-f3f0-4f8e-b258-f90939101d4f;SENSORS4;7;7;2;1;0;4000;0;0;3;1;1;
9334b55f-13b4-4c02-81f6-1ce70c102b14;CAPACITOR4;11;6;2;1;0;12000;0;0;0;0;
76352c31-ba39-4e08-9f96-adcc5d0ae4b2;WEAPONS_CONTROL2;4;7;2;1;0;4000;0;0;6;1;
2e0ed17d-9112-4c35-859c-fb5e58739faa;MEDICAL3;4;5;2;1;0;6000;3;0;7;1;
f57af0eb-eaf5-4f59-ada3-eddbfb2fc607;OXYGEN2;6;6;2;1;0;2000;2;0;13;1;1;
fc810cbc-bbb1-438b-acc8-9b45c0509e57;OXYGEN1;7;5;2;1;0;1000;1;0;2;1;1;
9c05909b-25b2-44a2-8288-8ac7ef00a2c5;HYPERDRIVE3;3;3;2;2;0;4000;0;0;38;0;1;
ee878fcd-0d8b-4b1e-89cc-666772f43fa8;Plasma_Cannon1;3;8;2;2;0;2000;5;5600;40;1;0.0;0.0;0.0;0;
a560d057-52d1-4817-9703-01a218dfc8a2;DOOR_CONTROL4;2;6;2;1;0;4000;0;0;1;1;1;
87d64b02-d7cf-4054-9ceb-45119aa54b86;Breacher5;9;4;2;2;0;2300;2;1200;37;1;0.0;0.0;0.0;0;
e09c9407-4719-4dcb-9142-b03e762db952;MEDICAL1;9;6;2;1;0;2000;1;0;14;1;
aa9d46ce-2b1c-49de-9a6b-126e046fe28b;ENGINES3;11;8;2;1;0;1800;0;0;1;1;1;
49c454e1-c040-436f-8d0c-8da9ceab2dd6;Heavy_flamer1;13;7;2;2;0;800;3;4000;37;1;0.0;0.0;0.0;0;
