642d8f21-5f85-41a3-b820-948b88f014d7;PILOTING1;7;7;2;1;0;5000;0;0;3;1;
a6f21baf-6551-4d5c-b73c-0175048d4f1e;BOU_REACTOR4;13;7;2;2;0;8000;0;0;37;0;1;
9a4bdada-3c0d-4fa7-918f-8d2e15babc02;OXYGEN1;4;7;2;1;0;1000;1;0;6;1;1;
75189fe5-fc10-4778-93c7-44d5bcdf4b43;DOOR_CONTROL2;11;4;2;1;0;2000;0;0;1;1;1;
76a44486-0724-4d17-921d-9b9668d48035;BOU_ENGINES8;9;6;2;1;0;2800;0;0;14;1;1;
617f3aa3-7603-4c88-811e-c41a8c07084c;HYPERDRIVE1;9;4;2;2;0;1000;0;0;37;0;1;
fec19d1d-3d3d-48aa-ac4b-7dbe530c85d0;BOU_SHIELDS3;9;7;2;2;0;3000;6;0;39;0;1;
93fc24e9-b9d3-40fd-9db0-c80d9a0493b5;BOU_Hull_Breaker1;3;3;2;2;0;1700;0;0;38;0;0.0;0.0;0.0;0;
3a42df99-140a-4bc0-a505-8fb3654dc880;Dual_laser4;13;4;2;2;0;1400;0;0;38;0;0.0;0.0;0.0;0;
e37b7daf-b052-4e9a-8689-081a6823fffc;Pierce_laser1;3;8;2;2;0;1300;0;0;40;0;0.0;0.0;0.0;0;
765b9f88-a967-4ba3-8b6c-414a394af69a;WEAPONS_CONTROL1;11;6;2;1;0;2000;0;0;1;1;
a91868dd-c0fd-460e-9cb7-df3478ede9f1;SENSORS2;4;6;2;1;0;2000;0;0;15;1;1;
a030696d-f0b9-45bc-bd2b-33dd6406e39a;CAPACITOR1;15;6;2;1;0;2000;0;0;0;0;
