f7d6f98d-112b-4fcd-944a-5af5257540c5;PILOTING3;3;4;2;1;0;10000;0;0;16;1;
fb4c2a0a-6ccc-45f8-89f4-e54f0eebbd74;SHIELDS3;11;5;2;2;0;3000;6;0;39;0;1;
6b30af8c-3741-4898-b653-f15e5f8e8a27;REACTOR3;8;2;2;2;0;5000;0;0;37;0;1;
ac5153c5-823f-4d04-b5dc-04c7adb9c42e;Dual_laser1;11;2;2;2;0;800;0;0;37;0;0.0;0.0;0.0;0;
60e4c495-a279-4d40-9754-d8a09d4bef05;Dual_laser1;6;2;2;2;0;800;0;0;52;0;0.0;0.0;0.0;0;
7b3b01e5-0be2-4b16-b0d9-ebcba6c927ce;CAPACITOR3;12;4;2;1;0;6000;0;0;0;0;
31558941-7e39-468c-b61f-2db430a31d93;ENGINES4;5;4;2;1;0;2000;0;0;13;1;1;
f160029f-411a-4fa6-aeca-e79cbb5a2f4c;OXYGEN1;10;4;2;1;0;1000;1;0;15;1;1;
cef70908-1f9e-4bb7-b366-6a6af418a9dd;SENSORS1;4;6;2;1;0;1000;0;0;1;1;1;
a9c78c88-1d5d-4652-86d7-1eb4a7e88b52;DOOR_CONTROL1;4;2;2;1;0;1000;0;0;1;1;1;
7ef1d246-eba4-447f-aeeb-cf7717fda5bc;HYPERDRIVE2;6;5;2;2;0;3000;0;0;51;0;1;
7f0375e6-3029-46a9-ba63-9a485b59fcb5;DRONE_SHOP2;1;4;2;1;0;10000;0;0;1;1;2;14;
9860d759-df0e-4f23-965f-0325b841ea64;REPAIR2;8;5;2;2;0;2000;1;0;39;1;
a16ea6df-c1c3-4450-b024-50d333e5b4bf;MIS_SHOP2;8;4;2;1;0;10000;0;0;14;1;2;0;
