21b89cf3-cb80-42fd-8a97-58c9c380737d;PILOTING3;8;4;2;1;0;10000;0;0;14;1;
242b8366-e546-4ffc-8b34-b68cc2f8a138;REACTOR3;6;2;2;2;0;5000;0;0;52;0;1;
6a6a5484-96dd-4a38-b5c7-ed6f09461ed9;SHIELDS3;11;5;2;2;0;3000;6;0;39;0;1;
a9a69d4c-b5d5-497b-82af-a6330f470ff7;Dual_laser1;11;2;2;2;0;800;0;0;37;0;0.0;0.0;0.0;0;
b2b9616f-4e3a-43c7-ad81-5717b0f13517;Dual_laser1;8;2;2;2;0;800;0;0;37;0;0.0;0.0;0.0;0;
db27958d-3fc1-48b1-a2fa-2faf9535c6ab;CAPACITOR3;12;4;2;1;0;6000;0;0;0;0;
4e8e16d1-6585-4e99-91b0-20b6c0a38c57;OXYGEN1;1;4;2;1;0;1000;1;0;1;1;1;
87d71b8c-1f69-43f4-836b-f0f5210cd8bd;SENSORS1;4;2;2;1;0;1000;0;0;1;1;1;
8ade8417-4e43-41c5-8117-ad19c112b8da;DOOR_CONTROL1;5;4;2;1;0;1000;0;0;13;1;1;
0229006a-cd3e-4cb9-923e-aade029cdfac;HYPERDRIVE2;6;5;2;2;0;3000;0;0;51;0;1;
a1b05fce-f393-4e65-9787-4a93aae17053;REPAIR1;10;4;2;1;0;2000;1;0;15;1;
39e2e9c6-c11c-41a9-929f-ba5ec1dfc7e3;MEDICAL1;4;6;2;1;0;2000;1;0;1;1;
b063a2cf-a7e4-41b6-813c-1ac96bc5b8ef;ENGINES3;3;4;2;1;0;1800;0;0;16;1;1;
025c9673-18ed-42ba-8977-466e2b8f9bcc;MIS_SHOP;2;2;2;2;0;10000;0;0;47;1;2;31;
