56715d51-e8c5-426b-ba89-07ef31446224;PILOTING3;1;4;2;1;0;10000;0;0;1;1;
c7481ec1-2260-4c44-989f-c83388feda41;SHIELDS3;2;5;2;2;0;3000;6;0;47;0;1;
9f5c2419-f997-4724-bd08-65f69c0482ae;REACTOR3;8;5;2;2;0;5000;0;0;39;0;1;
39aa31db-5276-4a3e-887b-e457ba8ca4c8;Dual_laser1;6;5;2;2;0;800;0;0;51;0;0.0;0.0;0.0;0;
ee2d93e5-34c9-4913-87c7-5486396fdb43;Dual_laser1;8;2;2;2;0;800;0;0;37;0;0.0;0.0;0.0;0;
293e4e28-a3a7-416d-8b40-4ad3b4341972;CAPACITOR3;3;4;2;1;0;6000;0;0;0;0;
fc01d8ed-403f-4721-afd2-768768c42838;ENGINES4;5;4;2;1;0;2000;0;0;13;1;1;
f3e3466d-39ae-47a4-a578-12f1d491a93e;OXYGEN1;8;4;2;1;0;1000;1;0;14;1;1;
056eae10-5480-4ce2-9409-bc9211ba3e48;SENSORS1;12;4;2;1;0;1000;0;0;1;1;1;
edeb73d9-bcac-43ec-807c-0adb16bf4bcc;DOOR_CONTROL1;4;2;2;1;0;1000;0;0;1;1;1;
9c38d5ad-93b4-4bae-95d8-aaddb44c0444;HYPERDRIVE2;6;2;2;2;0;3000;0;0;52;0;1;
ab28f7e1-9224-42c6-9957-9685bd930e36;DRONE_SHOP2;4;6;2;1;0;10000;0;0;1;1;3;19;
9b81cd13-9c41-48fb-a399-8a9b618f9a69;REPAIR2;11;2;2;2;0;2000;1;0;37;1;
32661a23-1c65-47d8-913a-5d9218a6a2c0;MIS_SHOP2;10;4;2;1;0;10000;0;0;15;1;2;11;
