175f9c61-dabc-4dbd-8ff4-f7bd0e7314e8;PILOTING2;4;5;2;1;0;10000;0;0;11;1;
66895042-c8bd-4069-b956-d71eff9463f0;BOU_REACTOR4;3;3;2;2;0;8000;0;0;38;0;1;
7210bee7-cae7-4c9d-94b9-d81e602d8b6e;OXYGEN2;15;6;2;1;0;2000;2;0;5;1;1;
8d8f79d3-7f2e-4caa-bc12-315f75fd4a2e;DOOR_CONTROL4;13;6;2;1;0;4000;0;0;1;1;1;
c6346429-24d2-44e5-8882-928b6b140744;BOU_ENGINES4;14;5;2;1;0;2000;0;0;7;1;1;
a74e1dba-5bd6-41bc-b4d6-1b8a24da1a42;BOU_HYPERDRIVE4;11;4;2;2;0;5000;0;0;37;0;1;
bea56031-d7c5-4144-bb39-cf6abbc868c1;SHIELDS5;6;7;2;2;0;5000;10;0;45;0;1;
6a9cc461-b266-497d-bab3-051cd826ee1a;BOU_Plasma_Burst1;3;8;2;2;0;2000;0;0;40;0;0.0;0.0;0.0;0;
e6eff138-555d-461f-b0db-62215920c592;Triple_laser1;6;4;2;2;0;1500;0;0;45;0;0.0;0.0;0.0;0;
2a517e88-dc0f-4d47-a654-fb29bc43fa27;Heavy_Dual_laser2;11;7;2;2;0;1700;0;0;39;0;0.0;0.0;0.0;0;
d413faf1-113c-4ba0-b11d-992f47731526;WEAPONS_CONTROL2;4;7;2;1;0;4000;0;0;9;1;
4fd0752a-e9ce-4a45-995e-55a9dd614e0f;SENSORS1;14;7;2;1;0;1000;0;0;6;1;1;
56105d20-2062-429c-8b59-697b7740dff6;CAPACITOR5;8;7;2;1;0;14000;0;0;0;0;
