ade86c97-1f97-4d96-8072-d5876267cda7;PILOTING3;4;6;2;1;0;10000;0;0;1;1;
4bb8c076-445f-42f5-9809-2650b917ec4c;REACTOR3;2;5;2;2;0;5000;0;0;47;0;1;
dfd34c2b-a1bb-4bb2-9d90-bdb64c194a25;Dual_laser1;8;5;2;2;0;800;2;1440;39;1;84.0;10248.0;11400.0;0;
70f2c19c-f193-499d-9342-a8729e064124;Dual_laser1;2;2;2;2;0;800;2;1440;47;1;85.0;9912.0;11448.0;0;
99ead446-8fe2-4619-83b6-751acaa37d97;CAPACITOR3;10;4;2;1;0;6000;0;0;0;0;
8a8ad3f0-e5d5-4004-aa1a-b435d7fe78a4;OXYGEN1;3;4;2;1;0;1000;1;0;16;1;1;
8f845f83-378a-4926-88ba-ccecc0975102;SENSORS1;12;4;2;1;0;1000;0;0;1;1;1;
785a1f72-3a93-4c34-b560-84584e965716;DOOR_CONTROL1;8;4;2;1;0;1000;0;0;14;1;1;
4174e251-938e-42ab-a54c-4080ec7c547d;HYPERDRIVE2;6;5;2;2;0;3000;0;0;51;0;1;
46360d36-a542-43bd-8b2c-5f8770cfa32a;MEDICAL1;1;4;2;1;0;2000;1;0;1;1;
3eceb54f-24a3-4d8b-821f-54b79258db6e;ENGINES3;4;2;2;1;0;1800;0;0;1;1;1;
57b492e2-aa91-48cb-acd1-66c427e8d968;SHIELDS3;11;5;2;2;0;3000;6;0;39;0;1;
d8d5b0cd-4dc5-4bc9-a4a8-fe0f3c4a5d5e;DRONE_SHOP;6;2;2;2;0;10000;0;0;52;1;3;15;
614c4224-2163-4c10-8999-5a5a00cfce32;DRONE_SHOP2;5;4;2;1;0;10000;0;0;13;1;4;11;
