6750e3b3-3463-4855-99ea-10fb7c236f6d;PILOTING2;7;6;2;1;0;10000;0;0;13;1;
bd043763-72a4-48ff-bfc5-f5afd3434386;TELEPORT2;5;6;2;1;0;1000;2;1600;1;1;1;
8dcd364e-6325-44bd-8fb1-2084f6797761;BOU_REACTOR4;7;4;2;2;0;8000;0;0;42;0;1;
bb1371c4-a2ec-46d0-bc6e-062de9c94928;OXYGEN1;9;3;2;1;0;1000;1;0;2;1;1;
d4bfbcf4-aecb-41b8-9d37-519d2f70c460;DOOR_CONTROL4;16;6;2;1;0;4000;0;0;1;1;1;
f6d54144-a8cf-4e6a-b0f5-6838bdb3300e;ENGINES4;10;6;2;1;0;2000;0;0;14;1;1;
75a02a48-59bf-4689-8490-c95ad961b491;HYPERDRIVE2;9;4;2;2;0;3000;0;0;58;0;1;
3905d431-dde9-4b3c-82fc-d69a0fb8ca3a;BOU_SHIELDS5;5;9;2;2;0;5000;10;700;37;0;1;
e646e2e5-7354-4f8e-94a7-2946a88994c1;BOU_Basic_laser1;7;7;2;2;1;695;1;0;41;0;0.0;0.0;0.0;0;
36406e5c-9f5b-45bf-b8e8-2e239f9810bd;Heavy_Dual_laser3;9;7;2;2;0;1700;3;801;58;0;174.0;3432.0;6456.0;0;
6378ee94-400f-461a-8179-6f7e73daeb49;BOU_Quad_laser1;5;2;2;2;0;2400;4;2344;38;0;178.0;3384.0;6312.0;0;
cc27498c-8d7f-4c4c-a63c-b884dfd4d471;WEAPONS_CONTROL1;14;6;2;1;0;2000;0;0;1;1;
b0a9b4eb-2740-4c5f-9c3b-b5f74cb977e1;SENSORS3;12;6;2;1;0;2000;0;0;16;1;1;
12db1b0b-38fe-4190-a022-7faf7774f09f;CAPACITOR4;9;9;2;1;0;12000;0;0;0;0;
