b7e12a9c-3197-492a-bb0a-1e6c4fe0d94d;PILOTING2;2;4;2;1;0;10000;0;0;14;1;
4e2510f7-fd76-4a2a-b53d-a74ebb4b4f61;BOU_REACTOR4;8;4;2;2;0;8000;0;0;45;0;1;
b091ec4e-0ffc-4f7e-a81f-aefbfa0da36c;OXYGEN2;3;3;2;1;0;2000;2;0;1;1;1;
c7d6b955-3577-4d81-a086-8a317938b2be;DOOR_CONTROL1;6;5;2;1;0;1000;0;0;2;1;1;
7600c9ae-689f-496a-a64d-8a1b9d710082;ENGINES1;4;4;2;1;0;1000;0;0;1;1;1;
44aba04d-f77a-45f5-be23-3752ae146c35;BOU_HYPERDRIVE1;6;3;2;2;0;1000;0;0;56;0;1;
97e841c9-d8db-4b08-93f5-971c888e058d;SHIELDS4;12;4;2;2;0;4000;8;0;38;0;1;
a5ffa3c4-e4eb-4b6e-b2d3-a1d9997b2945;Basic_laser1;1;5;2;2;0;800;1;177;47;0;125.0;984.0;12072.0;0;
f0ada545-d1ab-40fb-a57b-c9b08a77a7e5;BOU_Heavy_laser1;10;3;2;2;0;800;1;133;45;0;131.0;792.0;12168.0;0;
1332213f-c49d-41d6-b444-7525e4eda5a5;Triple_laser2;1;2;2;2;0;1700;3;2280;47;0;130.0;792.0;11928.0;0;
ba98289e-a4c9-4d42-9069-d64812d2a2a2;WEAPONS_CONTROL1;2;7;2;1;0;2000;0;0;3;1;
cdbb4bfe-88f6-438f-90f5-96335966f33d;SENSORS1;2;1;2;1;0;1000;0;0;2;1;1;
