656f16be-d7c2-4ee0-8149-4b83fcceb3ea;PILOTING3;5;4;2;1;0;10000;0;0;13;1;
5a7bc2bd-838d-4c56-b381-d11a4f11d3b1;SHIELDS2;8;2;2;2;0;2000;4;0;37;0;1;
e486cf87-a73e-45d9-8995-d97a7aab9417;REACTOR3;6;2;2;2;0;5000;0;0;52;0;1;
255c97c2-6aea-43e2-aca2-777e7a078ed7;REPAIR1;8;4;2;1;0;2000;1;0;14;1;
51c42ed4-2ce4-4a03-b88b-2e5247e9ac75;MEDICAL2;12;4;2;1;0;4000;2;0;1;1;
cce53cff-8d13-4238-b00f-2e1475fea239;ENGINES4;1;4;2;1;0;2000;0;0;1;1;1;
b3eee895-9e48-476c-adda-555e2022340f;OXYGEN1;4;6;2;1;0;1000;1;0;1;1;1;
d9667a79-62dd-4685-b7a5-a07c3eff835e;HYPERDRIVE2;2;2;2;2;0;3000;0;0;47;0;1;
13c75169-58f2-4522-aa4e-098398cb77bc;CAPACITOR3;10;4;2;1;0;6000;0;0;0;0;
d0ed2a8e-cd78-4623-a977-301d5d0e67e6;SENSORS1;3;4;2;1;0;1000;0;0;16;1;1;
61be50c3-bfd8-4764-84bf-cff6f4ad5c36;DOOR_CONTROL1;4;2;2;1;0;1000;0;0;1;1;1;
26798b59-d62d-431f-bf1b-dcb6c16bef7b;Dual_laser1;11;2;2;2;0;800;0;0;37;0;0.0;0.0;0.0;0;
c24e8553-8ecf-42ad-8d4d-ca5e2c52b4af;Heavy_laser3;2;5;2;2;0;1200;0;0;47;0;0.0;0.0;0.0;0;
9b757361-9f2c-4ce9-9b13-0133067dbb3e;DRONE_SHOP;8;5;2;2;0;10000;0;0;39;1;4;0;
