b36d1ed0-4dc3-4a66-8a53-3049bd953a0f;PILOTING2;11;4;2;1;0;10000;0;0;1;1;
f849c69f-edd9-49fe-a889-f46f5481182d;BOU_REACTOR4;9;7;2;2;0;8000;0;0;39;0;1;
de3542ed-9c0c-4488-8788-26bf6538f193;OXYGEN2;2;6;2;1;0;2000;2;0;1;1;1;
17e50a41-6a7a-4daa-9953-7933d2de4c0b;DOOR_CONTROL5;4;6;2;1;0;5000;0;0;15;1;1;
5d43bea9-9a0d-47a8-b21b-a6c8af428141;ENGINES3;11;6;2;1;0;1800;0;0;1;1;1;
7a6711a8-2938-480c-8262-0450605a91a0;HYPERDRIVE2;13;7;2;2;0;3000;0;0;37;0;1;
96d0a002-f186-44cd-af50-6e74c10ee394;SHIELDS5;3;3;2;2;0;5000;10;0;38;0;1;
3ed91ce5-bb43-4e38-85cf-15436def96f7;Single_emp1;9;4;2;2;0;900;2;1440;37;1;315.0;7848.0;8376.0;0;
a51e7afd-da97-4dba-9e50-4e837949507d;Quad_laser4;3;8;2;2;0;3000;4;3200;40;1;318.0;7944.0;8328.0;0;
b4b724ee-8adb-4399-8cd5-9d7fdecdd43a;BOU_Single_emp1;13;4;2;2;0;900;2;1440;38;1;312.0;7512.0;8472.0;0;
2f7500d5-f156-4cdf-9c90-da35277c44fa;WEAPONS_CONTROL2;7;7;2;1;0;4000;0;0;3;1;
02a50c56-f90b-4414-828f-5a7bb7da8fc3;SENSORS4;9;6;2;1;0;4000;0;0;14;1;1;
85976d24-27fd-4189-a95e-3abb92dc4ff3;CAPACITOR3;4;7;2;1;0;6000;0;0;0;0;
