cfc52bab-cf42-4183-bc95-46743578fc1d;PILOTING1;4;6;2;1;0;5000;0;0;15;1;
eb370b15-249e-40eb-b0a8-8e8239e29f1a;BOU_REACTOR4;3;3;2;2;0;8000;0;0;38;0;1;
bf7a7463-6eea-4f2e-9ed4-677119a34842;OXYGEN1;9;6;2;1;0;1000;1;0;14;1;1;
0c048f96-8879-4303-9760-666bdd38a854;DOOR_CONTROL4;11;8;2;1;0;4000;0;0;1;1;1;
335e8c3e-95cd-4077-b775-490d628b89d7;BOU_ENGINES6;2;6;2;1;0;2400;0;0;1;1;1;
f849d7a6-2a8e-49bc-a078-88c84481ca6d;BOU_HYPERDRIVE2;13;4;2;2;0;3000;0;0;38;0;1;
88a4c5b4-ccbf-4af6-abd5-1c973b553f48;BOU_SHIELDS5;9;7;2;2;0;5000;10;0;39;0;1;
0636a189-6b3a-4e75-9267-67501777a45f;BOU_Dual_laser1;9;4;2;2;0;800;2;1440;37;1;337.0;12696.0;9432.0;0;
c5db45b0-ae79-4aea-b27f-b755867fd69f;FIRE_BEAM4;13;7;2;2;0;1700;2;1680;37;1;338.0;12923.52;9461.76;0;
a04aaa1d-d25f-41b2-9d25-a7c9dcab586e;BOU_Breacher1;3;8;2;2;0;1500;2;1520;40;1;339.0;12936.0;9384.0;0;
f08e96c8-7796-4b53-a537-20484153bd5a;WEAPONS_CONTROL1;6;6;2;1;0;2000;0;0;13;1;
a9fe1c53-0128-4764-afea-769392925174;SENSORS1;15;6;2;1;0;1000;0;0;1;1;1;
c77b4ad7-0a0a-4783-8d41-47084e9d7fc8;CAPACITOR5;7;5;2;1;0;14000;0;0;0;0;
2d431c3f-3a53-4b09-8cb0-acab4d549390;BOU_TELEPORT2;11;6;2;1;0;1000;2;1600;1;1;1;
