044ced9a-29c9-46ef-9489-e5440a911933;PILOTING3;13;12;2;2;0;10000;0;0;46;1;
91c16e9d-001b-4a34-9930-2933c38188fe;SHIELDS3;3;15;2;2;0;3000;6;0;37;0;1;
4934f228-bc5b-4cb5-a960-b807f1c0c2c1;MIS_SHOP;14;10;2;2;0;10000;0;0;58;1;2;50;
eaa70449-f3d0-4156-b829-ec63f94119fc;DRONE_SHOP;12;10;2;2;0;10000;0;0;64;1;2;0;
f2b36200-6ef9-4f09-bca8-0ca7e1850759;MEDICAL3;3;18;2;2;0;6000;3;0;47;1;
411b736d-e1cd-4da2-99c6-9892c44b3866;OXYGEN2;4;8;1;2;0;2000;2;0;19;1;1;
6f65a2bd-a713-4cde-b926-701681fa4c66;OXYGEN2;10;10;2;1;0;2000;2;0;1;1;1;
1733dec0-b241-4626-9069-6cc19d792e4f;SENSORS3;15;12;1;2;0;2000;0;0;19;1;1;
f8d5a9bb-9f4d-425b-9904-67f73ee8be74;SENSORS3;12;12;1;2;0;2000;0;0;19;1;1;
ac152eb0-6652-4a3a-8efa-7dd7e184c9f0;DOOR_CONTROL2;5;3;1;2;0;2000;0;0;21;1;1;
a4cb07c4-6205-47ff-92b0-9241c026c81d;WEAPONS_CONTROL1;6;18;2;2;0;6000;0;0;48;1;
764d0cdc-a771-4763-96fa-d1608641d7e1;SYS_SHOP;3;2;2;2;0;10000;0;0;52;1;175;Basic_ML4:none:none:none:none:none:Basic_laser1:;
b4dafd1d-1fa3-4f6f-8804-28e472d1c69c;REPAIR1;15;8;1;2;0;2000;1;0;19;1;
d200a2c2-691a-4abe-8e44-cd2784517e08;REACTOR3;6;15;2;2;0;5000;0;0;48;0;1;
c3835a69-b872-4ae3-a047-81519c7d5c6b;Quad_laser2;7;11;1;2;0;3600;0;0;19;0;0.0;0.0;0.0;0;
726768b4-d373-4525-bbb2-869565fa4f38;Basic_laser3;4;4;1;2;0;1200;0;0;21;0;0.0;0.0;0.0;0;
2ec64b4f-0389-4ccf-86f1-b7cf9ad0e300;CAPACITOR2;4;10;2;1;0;4000;0;0;0;0;
659c2ff3-5c1f-4d8e-94fd-e612e12cb315;CAPACITOR2;6;10;2;1;0;4000;0;0;0;0;
361e03f7-4263-44ca-8cee-dc03d45ad6b6;CAPACITOR2;8;10;2;1;0;4000;0;0;0;0;
9fb7e623-b69a-4962-85eb-9893c9531bef;CAPACITOR2;12;8;1;2;0;4000;0;0;0;0;
