121478de-cc5f-458e-b113-ec9579222fb6;PILOTING3;4;2;2;1;0;10000;0;0;1;1;
aa23f4a5-6684-4fd5-9390-0fecab7b912f;SHIELDS3;6;2;2;2;0;3000;6;0;52;0;1;
618d3d16-f608-4000-a3c4-4037216123f0;REACTOR3;2;5;2;2;0;5000;0;0;47;0;1;
d6d954c1-8707-484a-8170-c4bbd5b59dbd;Dual_laser1;2;2;2;2;0;800;0;0;47;0;0.0;0.0;0.0;0;
f2de1a31-2e47-4f01-a3bc-6978c2098400;Dual_laser1;6;5;2;2;0;800;0;0;51;0;0.0;0.0;0.0;0;
cc64f273-768f-42f1-84b1-8a4e4180a7d2;CAPACITOR3;5;4;2;1;0;6000;0;0;0;0;
90a8558b-46cd-4754-b703-5ea6c555eb1d;ENGINES4;8;4;2;1;0;2000;0;0;14;1;1;
db4bf6d0-6779-449e-a836-721a226c9354;OXYGEN1;4;6;2;1;0;1000;1;0;1;1;1;
fd2157da-4897-4ac4-8d6f-d5b2b31e6ad2;SENSORS1;3;4;2;1;0;1000;0;0;16;1;1;
d00dc3e9-0fe4-425c-981b-1c4dd63a1510;DOOR_CONTROL1;10;4;2;1;0;1000;0;0;15;1;1;
86d2b111-bb50-4708-a60a-0965054453e0;HYPERDRIVE2;8;2;2;2;0;3000;0;0;37;0;1;
b58c68aa-a0e0-4d99-b52a-7ef0432f00b1;DRONE_SHOP2;12;4;2;1;0;10000;0;0;1;1;2;12;
6a80aa44-7bef-43c3-a7f2-f646e0312f58;REPAIR2;8;5;2;2;0;2000;1;0;39;1;
3a10b6aa-8a1a-43f5-8faf-ac057f2873f4;MIS_SHOP2;1;4;2;1;0;10000;0;0;1;1;3;15;
