3a9094e3-5e78-49f1-8697-cb3bdc2edb85;PILOTING2;14;5;2;1;0;10000;0;0;7;1;
3cc2f1ee-eebd-4fe1-80d5-6128a670e359;BOU_REACTOR4;3;8;2;2;0;8000;0;0;40;0;1;
9c6cc4b2-308e-4d9b-853d-916f9fb7353c;OXYGEN3;14;7;2;1;0;1000;3;0;6;1;1;
936c574a-ceea-4fc5-b115-446d893f5ac5;DOOR_CONTROL2;13;6;2;1;0;2000;0;0;1;1;1;
110a199c-4b50-4336-b5e9-54b16a542dcc;BOU_ENGINES6;11;6;2;1;0;2400;0;0;16;1;1;
e679448e-3cad-495a-8c30-dd0618173913;HYPERDRIVE2;11;4;2;2;0;3000;0;0;37;0;1;
9308a446-4a7c-40c6-8a1e-37ea3edd393c;BOU_SHIELDS4;3;3;2;2;0;4000;8;0;38;0;1;
47c476e0-fdc9-4c7b-8a8c-e41b2ce9b77b;Napalm4;6;4;2;2;0;2100;2;1360;45;1;74.0;1944.0;10968.0;0;
ae089dfb-6cc1-4f70-a1ac-c04ee99ce223;Basic_laser1;11;7;2;2;0;800;1;560;39;1;80.0;1656.0;10968.0;0;
94303d3f-e753-4f83-a1ef-d8077c04c658;Hull_Breaker1;6;7;2;2;0;1700;2;1284;45;0;71.0;2232.0;10920.0;0;
3cd3f502-97c9-467d-b953-06efcf350fe3;WEAPONS_CONTROL2;9;6;2;1;0;4000;0;0;14;1;
0a359637-44b6-43a4-9f51-0ff78621a24b;SENSORS2;13;4;2;1;0;2000;0;0;2;1;1;
000450e4-a882-4c04-884a-75964feb6bee;CAPACITOR3;8;5;2;1;0;6000;0;0;0;0;
