37c0e5a3-2134-43d9-b6db-c6fe8ad36d65;PILOTING3;12;4;2;1;0;10000;0;0;1;1;
03922830-5887-4981-9c5b-3e68bc1e53e4;REACTOR3;2;2;2;2;0;5000;0;0;47;0;1;
59467d85-c08d-4e72-9b5b-e6f8cac8519b;Dual_laser1;8;2;2;2;0;800;2;1440;37;1;334.0;11928.0;7896.0;0;
13af4ce7-0570-406e-a839-35ae5f015a57;Dual_laser1;11;2;2;2;0;800;2;1440;37;1;334.0;12168.0;7896.0;0;
3e0740ca-fbee-44f9-a210-4beba1f135c9;CAPACITOR3;1;4;2;1;0;6000;0;0;0;0;
91a1ece9-c9b4-4f41-bc83-fd6de3d560a2;OXYGEN1;5;4;2;1;0;1000;1;0;13;1;1;
df4389c4-ed70-4aa8-bfa7-787fe6310758;SENSORS1;4;2;2;1;0;1000;0;0;1;1;1;
6551f258-538d-451d-85f4-b64a655ed376;DOOR_CONTROL1;10;4;2;1;0;1000;0;0;15;1;1;
8e78c3b0-7830-473d-b67b-b9b051365e34;HYPERDRIVE2;11;5;2;2;0;3000;0;0;39;0;1;
d34eeb2f-8abf-4807-8b49-70887d375860;MEDICAL1;4;6;2;1;0;2000;1;0;1;1;
84899ee8-a437-46b6-9307-6404cef055f7;ENGINES3;8;4;2;1;0;1800;0;0;14;1;1;
ec0c43b1-cdaa-4694-926e-26561db9929f;SHIELDS3;6;5;2;2;0;3000;6;0;51;0;1;
af2abbf2-b364-4c81-8bb5-34b4cea60cc2;SYS_SHOP2;3;4;2;1;0;10000;0;0;16;1;93;none:HULL_BEAM2:Cluster_ML3:none:CAPACITOR2:FIRE_BEAM2:QUANTUM_REACTOR:;
95ac90e5-1979-42ff-b31f-75a6f34d016d;DRONE_SHOP;8;5;2;2;0;10000;0;0;39;1;2;17;
