1875cab6-d32d-499e-aff3-84902078c545;PILOTING2;8;7;2;1;0;10000;0;0;3;1;
0e60658f-1e9a-4dff-ae1b-b95314309296;BOU_REACTOR4;6;4;2;2;0;8000;0;0;45;0;1;
eaf9e664-421d-4c49-84a4-69d9ff10b2a5;OXYGEN2;14;5;2;1;0;2000;2;0;7;1;1;
2902cc0f-9a83-4ca4-b315-20a00e7bd3ec;DOOR_CONTROL5;9;6;2;1;0;5000;0;0;14;1;1;
6cd8ab28-89a9-444f-b4c8-b67ba79fc546;ENGINES3;13;8;2;1;0;1800;0;0;3;1;1;
c40ee835-e6ff-476d-94a3-49df22f199d7;HYPERDRIVE1;6;7;2;2;0;1000;0;0;45;0;1;
a1497457-4354-4939-96bb-15db063ab1f4;BOU_SHIELDS3;3;3;2;2;0;3000;6;0;38;0;1;
96a838c8-bd8d-4c77-9965-4a706795be5d;Emp1;11;7;2;2;0;1000;0;0;39;0;0.0;0.0;0.0;0;
127e0891-93a2-41f3-b5bd-4b252138159d;Hull_Breaker4;3;8;2;2;0;2100;0;0;40;0;0.0;0.0;0.0;0;
bb50d32d-f9ca-4ba6-9b9f-a52331943b42;BOU_Heavy_laser2;11;4;2;2;0;1000;0;0;37;0;0.0;0.0;0.0;0;
624317d0-44f2-43a2-9634-0bc9d95f7b90;WEAPONS_CONTROL2;13;4;2;1;0;4000;0;0;2;1;
c3626bef-94c4-4798-bab5-9a1e745039aa;SENSORS2;4;5;2;1;0;2000;0;0;11;1;1;
90cd7a04-0023-483d-9e2c-1b5d8783975f;CAPACITOR5;8;5;2;1;0;14000;0;0;0;0;
4c551fd1-23d2-46a4-b57e-fe1e67ce0134;BOU_TELEPORT2;15;6;2;1;0;1000;2;1600;5;1;1;
