fe1c3e0f-e058-481e-b777-63894dd048e5;PILOTING2;2;6;2;1;0;10000;0;0;1;1;
43094053-4e51-4cc0-9e33-8a34346a1f5c;BOU_REACTOR4;9;7;2;2;0;3775;0;0;39;0;1;
80438578-2ed2-47e0-9078-a3e3b93483d2;OXYGEN2;4;5;2;1;0;2000;2;0;7;1;1;
c693ff46-de38-4550-bc24-a86ff5332620;DOOR_CONTROL2;11;4;2;1;0;2000;0;0;1;1;1;
637cf7d6-1a3e-452b-bbc7-3e874fd4ca6e;BOU_ENGINES3;11;6;2;1;0;1800;0;0;1;1;1;
4aa60d22-b610-41a8-8a1b-22abc7ac48f1;BOU_HYPERDRIVE3;3;8;2;2;0;4000;0;0;40;0;1;
1b0672ff-fc89-48b2-b254-79d891b483c2;SHIELDS5;13;7;2;2;1;0;10;0;37;0;1;
e05acc9b-d544-4962-8c13-b7de66a56a4e;BOU_Heavy_Dual_laser2;13;4;2;2;0;400;3;1647;38;0;150.0;6024.0;13176.0;0;
7b82c04d-97ba-40d8-bff9-85f426f73fd9;Heavy_Dual_laser3;9;4;2;2;0;1700;3;1911;37;0;149.0;6072.0;13224.0;0;
24f25627-0943-4e0e-a574-a85f368f5dc4;BOU_FIRE_BEAM2;3;3;2;2;0;1100;2;236;38;0;148.0;6053.76;13232.64;0;
9e36f242-6cd0-410e-9997-88e0db2d7145;WEAPONS_CONTROL1;7;7;2;1;1;1617;0;0;3;1;
1ae6586b-fd42-4a09-a974-b4f5e0dd387a;SENSORS1;6;6;2;1;0;1000;0;0;13;1;1;
67e839a2-78dd-4c96-af8b-18c806f9b647;CAPACITOR5;4;7;2;1;0;14000;0;0;0;0;
