efcda573-1ae1-44e0-875f-ec1cfd1f72ae;PILOTING2;11;4;2;1;0;10000;0;0;1;1;
f361a252-70d1-496d-b5cf-2f71caa4dced;BOU_REACTOR4;9;4;2;2;0;8000;0;0;37;0;1;
ccad0169-8c06-4fd2-968a-a0713ce1ea25;OXYGEN1;7;7;2;1;0;1000;1;0;3;1;1;
9f63c426-1a94-4f25-a930-171e49de8933;DOOR_CONTROL5;2;6;2;1;0;5000;0;0;1;1;1;
3ce891bd-32c2-4e53-86d7-0bdbc0f098e1;ENGINES4;9;6;2;1;0;2000;0;0;14;1;1;
11001ac6-4e00-445c-94e4-0ca46f9f46d5;HYPERDRIVE4;3;3;2;2;0;5000;0;0;38;0;1;
cb30fa94-c310-488a-b578-fc6850be97e6;SHIELDS3;3;8;2;2;0;3000;6;0;40;0;1;
426e4a65-231b-40c9-b9b9-3afd796509bd;Napalm4;9;7;2;2;0;2100;2;1360;39;1;219.0;4824.0;6744.0;0;
291c30a2-e1fd-42ff-8ab3-950ac033b6f8;BOU_CAN_OPENER3;13;4;2;2;0;1500;2;1840;38;1;219.0;4968.0;6755.52001953125;0;
aa4624ab-aaf3-42e0-85c7-0e448a511609;WEAPONS_CONTROL1;6;6;2;1;0;2000;0;0;13;1;
b8e8e87e-c7da-4677-b490-7664d82a5550;SENSORS4;4;7;2;1;0;4000;0;0;6;1;1;
82119bed-b48b-4c41-bd6a-f274dbc305e7;CAPACITOR3;13;6;2;1;0;6000;0;0;0;0;
