2d15d352-f4d4-43bf-9008-350836b928b5;PILOTING3;4;2;2;1;0;10000;0;0;1;1;
dad0d8d5-ce8d-4352-854b-4fe43a800abb;REACTOR3;8;5;2;2;0;5000;0;0;39;0;1;
bde7298d-4abb-4619-893d-1936485efaac;Dual_laser1;6;5;2;2;0;800;0;0;51;0;0.0;0.0;0.0;0;
40d329d6-a164-4f63-a8d4-c469e6969169;Dual_laser1;2;5;2;2;0;800;0;0;47;0;0.0;0.0;0.0;0;
3e7de272-c00e-455a-b215-28052a0600b4;CAPACITOR3;10;4;2;1;0;6000;0;0;0;0;
0a6ccfb9-7f31-48a6-9185-b24acf6c54db;OXYGEN1;5;4;2;1;0;1000;1;0;13;1;1;
d1ca3e65-428b-419a-998c-8a7f9ed08df4;SENSORS1;3;4;2;1;0;1000;0;0;16;1;1;
ec492506-2e33-48ec-ae75-0ee5ec682dd8;DOOR_CONTROL1;12;4;2;1;0;1000;0;0;1;1;1;
61b5883a-778d-4079-8f50-504be240fb1c;HYPERDRIVE2;6;2;2;2;0;3000;0;0;52;0;1;
5c7c79e8-50a5-4685-81df-8d969134b794;MEDICAL1;1;4;2;1;0;2000;1;0;1;1;
c3f78af0-2016-4f02-9d6f-85ede6d3d193;ENGINES3;8;4;2;1;0;1800;0;0;14;1;1;
bd08f62d-8fb8-4929-95af-813b81810986;SHIELDS3;11;2;2;2;0;3000;6;0;37;0;1;
91cc9eac-ec11-47d0-80da-3924e89bdbd1;DRONE_SHOP;2;2;2;2;0;10000;0;0;47;1;2;13;
dbcc3c9b-e82a-40a9-b747-f5dda59aa1d4;DRONE_SHOP2;4;6;2;1;0;10000;0;0;1;1;3;18;
