f9a29bdc-2e8c-437c-a9ed-589c836decd9;PILOTING3;1;4;2;1;0;10000;0;0;1;1;
0eb4e56f-c888-446f-9520-b093a3809719;REACTOR3;6;5;2;2;0;5000;0;0;51;0;1;
4c6d587e-c58d-47fd-b770-ac5453ec01cb;Dual_laser1;6;2;2;2;0;800;0;0;52;0;0.0;0.0;0.0;0;
d6a870f3-0152-4f11-af0b-185ee95e3ee4;Dual_laser1;11;5;2;2;0;800;0;0;39;0;0.0;0.0;0.0;0;
039879e0-afcd-474b-b312-26824ffc129a;CAPACITOR3;8;4;2;1;0;6000;0;0;0;0;
e940c12e-f76b-4d01-9202-557562fdc4db;OXYGEN1;3;4;2;1;0;1000;1;0;16;1;1;
6d3f98c3-2381-4781-b4ed-c0dbf048a47a;SENSORS1;5;4;2;1;0;1000;0;0;13;1;1;
f19e804d-4b15-4b6f-88a4-e09c5714162d;DOOR_CONTROL1;12;4;2;1;0;1000;0;0;1;1;1;
cad4eb05-4998-494c-82e4-9e44fe5c7b43;HYPERDRIVE2;2;5;2;2;0;3000;0;0;47;0;1;
04cc05c8-db97-44f8-a6df-4143c65204f2;MEDICAL1;4;6;2;1;0;2000;1;0;1;1;
01cac73a-eab9-4831-a5e7-c312bb8d3ade;ENGINES3;10;4;2;1;0;1800;0;0;15;1;1;
54188ab1-8993-422f-a481-e10d4edb91b3;SHIELDS3;11;2;2;2;0;3000;6;0;37;0;1;
fdc2cb41-b9b5-4536-a460-62d577817044;SYS_SHOP2;4;2;2;1;0;10000;0;0;1;1;88;OXYGEN3:DOOR_CONTROL4:Cluster_ML1:ENGINES3:FISSION_REACTOR:Cluster_ML4:;
9dbe13db-830e-4d58-ba10-b1af1ef7fcb1;MIS_SHOP;2;2;2;2;0;10000;0;0;47;1;5;28;
