783e4ce5-6169-4eae-b52d-2a9c7e4a87e6;PILOTING3;12;11;2;1;0;10000;0;0;8;1;
c7d110b3-2dca-4039-8f2f-751328cd542f;REACTOR3;3;7;2;2;0;5000;0;0;42;0;1;
fb911382-3c98-4818-8234-1ddb6586d7d9;Dual_laser1;11;2;2;2;0;800;0;0;45;0;0.0;0.0;0.0;0;
8171a752-778e-4259-a475-2e2bc49ed6e5;Dual_laser1;14;9;2;2;0;800;0;0;38;0;0.0;0.0;0.0;0;
9c200b1d-1f88-45c0-95be-b4f2eb23d7ec;CAPACITOR3;16;3;2;1;0;6000;0;0;0;0;
b10463e0-78ed-47e4-ac37-702ff5ea88fc;OXYGEN1;8;12;2;1;0;1000;1;0;3;1;1;
88135d01-9fb3-4b69-9732-8967838fb469;SENSORS1;9;3;2;1;0;1000;0;0;14;1;1;
ccc37081-f1d9-4fd5-8bba-2318a023716e;DOOR_CONTROL1;11;9;2;1;0;1000;0;0;1;1;1;
610ac9aa-8462-4505-9978-25abb482fd77;HYPERDRIVE1;14;2;2;2;0;1000;0;0;45;0;1;
a7f3b50f-bdda-4e2d-82b6-a99363458a04;MEDICAL1;6;12;2;1;0;2000;1;0;1;1;
1eb9b8e6-0c75-4bd3-82d8-cc2cad4040f4;ENGINES2;9;10;1;2;0;1400;0;0;19;1;1;
3d1f5b4f-e80d-4c04-97d8-f8d0d485e832;SHIELDS3;9;8;2;2;0;3000;6;0;57;0;1;
1d2e930c-cc86-4dd2-89b3-2827c1b17759;REPAIR1;9;6;1;2;0;2000;1;0;19;1;
74f42b08-5056-4588-b0be-607e63901166;REPAIR1;17;4;1;2;0;2000;1;0;20;1;
3373b32b-5d3d-4688-9a95-86d13c2ca795;REPAIR1;5;12;1;2;0;2000;1;0;20;1;
b4ad3b67-2105-44b4-8124-8f9bf593676c;CAPACITOR1;9;4;1;2;0;2000;0;0;0;0;
