0d15c0d5-4b97-464b-8b3a-74419e31546a;SHIELDS4;14;2;2;2;0;4000;0;0;38;0;1;
2bb02a92-fb6b-43a8-882b-127d73df0106;SHIELDS4;5;2;2;2;0;4000;0;0;37;0;1;
75eb7b5b-f042-47b4-af7b-115c3c1f5974;SHIELDS4;5;15;2;2;0;4000;0;0;38;0;1;
c6a029ca-c23c-4f39-8d2e-cf2f4325b396;SHIELDS4;14;15;2;2;0;4000;0;0;37;0;1;
ff4607fd-e487-4c58-b54e-770c27cd0560;REACTOR3;17;7;2;2;0;5000;0;0;41;0;1;
0e170ed2-4f02-48e9-a22a-c92198d520f2;REACTOR3;17;10;2;2;0;5000;0;0;42;0;1;
93f126fa-d1b5-4206-b324-a8c091c8bf58;REACTOR3;2;7;2;2;0;5000;0;0;42;0;1;
827ea4c0-7df1-4fd0-bff0-837238a2e02a;REACTOR3;2;10;2;2;0;5000;0;0;41;0;1;
7396c05d-4307-41d0-a707-1c226c37a614;REPAIR2;11;7;2;2;0;2000;0;0;38;0;
0719f675-f864-4487-82b6-febeb1198dba;OXYGEN3;14;9;2;1;0;1000;3;0;1;0;1;
167fd49a-e2c5-4496-9866-38fbf0ac5982;OXYGEN3;5;9;2;1;0;1000;3;0;1;0;1;
32755b51-4328-4874-8070-2acd7aff674f;DOOR_CONTROL5;8;10;2;2;0;5000;0;0;39;0;1;
0b52f360-298f-42a0-ae35-55afb7543d53;Heavy_laser2;18;5;1;2;0;1000;0;0;19;0;0.0;0.0;0.0;0;
bf5509e3-ced8-4480-a0a9-aa8c69f8bcb9;Heavy_laser2;18;12;1;2;0;1000;0;0;19;0;0.0;0.0;0.0;0;
cd264b09-b350-4596-a151-d2119fb2eb60;Heavy_Dual_laser1;2;4;2;1;0;1800;0;0;2;0;0.0;0.0;0.0;0;
d0721404-ebdd-4b79-ace7-bc48c8aa6cc9;SENSORS4;17;14;2;1;0;4000;0;0;3;0;1;
aa15c4e1-bfb5-43ec-a17a-b184a18c7f4f;PILOTING3;8;7;2;2;0;10000;0;0;37;0;
de6d1825-76eb-4f03-8d6f-6a97a8d15548;WEAPONS_CONTROL1;11;10;2;2;0;6000;0;0;40;0;
d2158503-0304-47e1-8948-3411564fdcdc;Dual_Launcher1;2;14;2;1;0;2200;0;0;3;0;0.0;0.0;0.0;0;
de705206-0653-4efb-8328-718f76595e56;CAPACITOR3;17;4;2;1;0;6000;0;0;0;0;
30dc3986-7718-47ab-8719-2764552e0e62;CAPACITOR3;4;14;1;2;0;6000;0;0;0;0;
21897a9f-59c7-49c4-bb76-35146b6458a4;CAPACITOR3;2;5;1;2;0;6000;0;0;0;0;
