6e5f8f3a-d639-4170-b4a3-64af16a6d704;PILOTING3;1;4;2;1;0;10000;0;0;1;1;
65b0f6f6-bf6b-4d3b-a65f-16995b2c0031;REACTOR3;11;5;2;2;0;5000;0;0;39;0;1;
5efd6355-1284-46df-ae4e-0e93499b3e6b;Dual_laser1;8;5;2;2;0;800;0;0;39;0;0.0;0.0;0.0;0;
1f68b735-06ca-47fd-bf1c-416ce21ef48d;Dual_laser1;6;5;2;2;0;800;0;0;51;0;0.0;0.0;0.0;0;
9bbde38c-64aa-46d7-be27-a4070d11b083;CAPACITOR3;10;4;2;1;0;6000;0;0;0;0;
af445e83-6ab5-4b3c-8465-c6d34266fb1c;OXYGEN1;3;4;2;1;0;1000;1;0;16;1;1;
bf1415e5-9f34-435d-8aac-f316a74c47f1;SENSORS1;5;4;2;1;0;1000;0;0;13;1;1;
4883e40a-409d-41f4-8304-08cac9d3ecda;DOOR_CONTROL1;4;2;2;1;0;1000;0;0;1;1;1;
b8866647-77c6-4c6d-8333-8cb8cfe92f7b;HYPERDRIVE2;8;2;2;2;0;3000;0;0;37;0;1;
36775e7b-5302-4aee-a851-c5453bc0c600;MEDICAL1;4;6;2;1;0;2000;1;0;1;1;
9229ac16-f9f2-4442-a5a0-a338be8e0b57;ENGINES3;8;4;2;1;0;1800;0;0;14;1;1;
7a5467ad-78a4-43eb-afee-7afb652a0f8b;SHIELDS3;6;2;2;2;0;3000;6;0;52;0;1;
b61f17f3-d855-454f-abea-6184bcabec0c;SYS_SHOP2;12;4;2;1;0;10000;0;0;1;1;100;Basic_ML2:FUSION_REACTOR:GAT_LASER3:DOOR_CONTROL3:SENSORS2:none:TELEPORT1:;
81f58ab3-9ac2-46c6-b56c-d238657c9c6d;DRONE_SHOP;11;2;2;2;0;10000;0;0;37;1;5;17;
