72397c34-0614-47c3-baf4-89d0e45929b5;PILOTING2;9;6;2;1;0;10000;0;0;14;1;
cc0f7bfa-7910-4a69-bf34-77cf56cd1e1f;BOU_REACTOR4;6;4;2;2;0;8000;0;0;45;0;1;
7f6e4b6d-5339-42f5-a6b2-aa776a7903cf;OXYGEN3;13;8;2;1;0;1000;3;0;3;1;1;
a89bdfe7-7427-49fb-95f8-323e8687bf19;DOOR_CONTROL2;14;7;2;1;0;2000;0;0;6;1;1;
7f6d6f60-fe02-4bc8-9324-038a08ee1b22;BOU_ENGINES5;11;6;2;1;0;2200;0;0;16;1;1;
17e56274-0c74-4e23-8a8d-e2c699383c46;HYPERDRIVE3;3;3;2;2;0;4000;0;0;38;0;1;
ef1090a8-0ff4-46ed-86bb-8850f32feb51;BOU_SHIELDS5;11;4;2;2;0;5000;10;0;37;0;1;
5de60ea4-789c-4b2f-a6a3-5fe33c6c1254;BOU_Dual_Launcher2;11;7;2;2;0;2000;3;2520;39;1;96.0;12168.0;11400.0;0;
4fd12250-5a62-4bde-9472-f6d7796050d1;Heavy_laser4;3;8;2;2;0;1400;1;471;40;0;89.0;12648.0;11352.0;0;
c3edc1f7-a04a-442a-8845-e372f0f14a28;HULL_BEAM3;6;7;2;2;0;1400;2;1076;45;0;91.0;12595.2;11345.28;0;
2016148e-f7a6-4b2a-9b6b-efe21c76df6d;WEAPONS_CONTROL1;13;6;2;1;0;2000;0;0;1;1;
5ca0ad49-6f91-4397-9b75-d1e6dc9fef34;SENSORS3;4;6;2;1;0;2000;0;0;13;1;1;
40ac814b-5447-4e74-af91-4552ba768466;CAPACITOR1;15;6;2;1;0;2000;0;0;0;0;
e2d0d74c-9927-4e54-b1fc-927940e6eeea;BOU_TELEPORT2;8;7;2;1;0;1000;2;1600;3;1;1;
