d999780a-9c59-4182-b00f-f69881a93a27;PILOTING3;8;4;2;1;0;10000;0;0;14;1;
c59d2884-6967-42f5-ac54-a828d6cc0412;REACTOR3;11;2;2;2;0;5000;0;0;37;0;1;
734e560e-e2ad-4047-9f33-eb5914cdb335;Dual_laser1;8;5;2;2;0;800;2;1440;39;1;121.0;3192.0;13128.0;0;
373eece8-40d4-4db8-9c0e-a29acefa3d09;Dual_laser1;8;2;2;2;0;800;2;1440;37;1;121.0;3192.0;13032.0;0;
fb9676e4-6e5d-45d1-a649-9c4fd8a7afe5;CAPACITOR3;10;4;2;1;0;6000;0;0;0;0;
acb5a88d-de01-4893-8e72-a8ff8bc64e4d;OXYGEN1;3;4;2;1;0;1000;1;0;16;1;1;
884f0c49-59ba-46ae-940a-928e21117f62;SENSORS1;4;6;2;1;0;1000;0;0;1;1;1;
5be8e56f-5787-44f0-a727-c01f970cfb19;DOOR_CONTROL1;12;4;2;1;0;1000;0;0;1;1;1;
04f07b4b-4e36-41b5-8dd3-9402ba62215e;HYPERDRIVE2;6;2;2;2;0;3000;0;0;52;0;1;
963e4f47-b088-4f99-9eea-7396c1513d57;MEDICAL1;4;2;2;1;0;2000;1;0;1;1;
56b70283-483a-4639-9c17-af8579a546bc;ENGINES3;1;4;2;1;0;1800;0;0;1;1;1;
afbf568b-bb19-4ac2-95f0-9442a537d172;SHIELDS3;11;5;2;2;0;3000;6;0;39;0;1;
8bbe91a3-c8df-4d81-92fa-8c6d87f1b32b;SHIPS_SHOP;2;5;2;2;0;10000;0;0;47;1;82;none:HS1 1 L3&91rgb29rgb65:LS2 1 L2&89rgb72rgb43:none:;
5d371228-221b-42e5-932f-cd4c02d721e3;DRONE_SHOP;6;5;2;2;0;10000;0;0;51;1;5;14;
b39b73f4-db44-4d17-9c2b-539340f4378f;CAPACITOR3;5;4;2;1;0;6000;0;0;0;0;
