cbc53500-a525-4d1b-9be9-deb8da071dfe;PILOTING1;15;6;2;1;0;5000;0;0;5;1;
d75021c7-1090-49b1-96e2-5abf0b34c8e6;BOU_REACTOR4;6;7;2;2;0;8000;0;0;45;0;1;
b9a9d4c0-bacb-455f-b7b8-fb3b5abcd272;OXYGEN2;14;7;2;1;0;2000;2;0;6;1;1;
790121ed-ffc0-4de6-bc35-2cb356adff16;DOOR_CONTROL2;4;5;2;1;0;2000;0;0;11;1;1;
2bd7f60d-dfb3-4576-b386-06a7f58ba5e3;ENGINES8;4;6;2;1;0;2800;0;0;13;1;1;
00d57291-010a-43ee-ba3a-7d35618ebc06;BOU_HYPERDRIVE1;3;8;2;2;0;1000;0;0;40;0;1;
36e4a03d-1731-4c36-a901-f978c09a423e;SHIELDS3;11;7;2;2;0;3000;6;0;39;0;1;
0a22fd40-e2ed-4c4d-a827-847cfbdad255;HULL_BEAM1;11;4;2;2;0;800;0;0;37;0;0.0;0.0;0.0;0;
500a989b-164f-46d8-ab82-2c05a499f3d0;Emp1;6;4;2;2;0;1000;0;0;45;0;0.0;0.0;0.0;0;
314ddbaf-03b7-49bf-bf52-31e48f14ee3e;Napalm4;3;3;2;2;0;2100;0;0;38;0;0.0;0.0;0.0;0;
04514adc-8a23-49d6-aec7-8dcb05bf49e5;WEAPONS_CONTROL2;11;6;2;1;0;4000;0;0;16;1;
3a5d154f-7d83-4f78-a425-1fa0e43c78c3;SENSORS1;9;6;2;1;0;1000;0;0;14;1;1;
8abded7d-e5f6-4673-aa64-d29c56b33e3e;CAPACITOR5;13;4;2;1;0;14000;0;0;0;0;
c5255b2b-89e6-4504-8f91-e9946aee04e7;BOU_TELEPORT2;14;5;2;1;0;1000;2;1600;7;1;1;
