bb2042b6-0b17-41c7-a6b0-0163230ccd36;PILOTING2;6;5;2;1;0;10000;0;0;2;1;
8ab09b04-8b20-4f22-80c5-3f97aa792aa3;BOU_REACTOR4;1;2;2;2;0;8000;0;0;47;0;1;
a04b8384-51a2-4d65-b531-b5e0077fe095;OXYGEN1;2;1;2;1;0;1000;1;0;2;1;1;
245f41b6-8f6a-45dd-8e74-e8dbaf91457d;DOOR_CONTROL1;3;3;2;1;0;1000;0;0;1;1;1;
3aeec09c-bf14-4384-976d-7e537b1d343d;ENGINES2;3;5;2;1;0;1400;0;0;1;1;1;
6a01e977-e53c-497a-b6b1-62299ebe9e55;HYPERDRIVE2;10;3;2;2;0;3000;0;0;45;0;1;
b3cee166-3b9f-4f08-974b-b018677d7783;SHIELDS5;8;4;2;2;0;5000;10;0;45;0;1;
e3e54d16-add6-426c-a461-5d4c57054203;BOU_Dual_laser1;6;3;2;2;0;800;2;1440;56;1;28.0;7320.0;12984.0;0;
9d2493d9-3cd4-4904-96af-bb6f493d839e;BOU_Napalm2;12;4;2;2;0;1700;2;1520;38;1;31.0;7080.0;12840.0;0;
8eee2c2b-d498-4ff2-bec8-6dc2a6224f38;BOU_Napalm2;1;5;2;2;0;1700;2;1520;47;1;30.0;7224.0;13128.0;0;
300931bc-4124-445c-838a-1be8d68d7ee5;WEAPONS_CONTROL1;4;4;2;1;0;2000;0;0;1;1;
12736784-2a9a-430c-9bd7-39724ba1f49c;SENSORS2;2;4;2;1;0;2000;0;0;14;1;1;
