8f296dd8-ac63-431b-98fb-cdf0adea20c9;PILOTING1;5;6;2;1;0;2775;0;0;1;1;
06705d43-207e-41a3-913b-5d71400f6897;TELEPORT2;16;6;2;1;0;1000;2;1600;1;1;1;
0dd643b4-325a-43fd-8190-035fd2614148;BOU_REACTOR4;9;4;2;2;0;7816;0;0;58;0;1;
1df73fbe-384c-4208-b886-d0968c6fce14;OXYGEN2;14;6;2;1;0;2000;2;0;1;1;1;
f7daeabb-af97-4b0a-a834-e90970731676;DOOR_CONTROL5;12;6;2;1;0;5000;0;0;16;1;1;
75f45146-041d-4cc1-9211-ad690b54c25c;ENGINES8;9;9;2;1;0;2800;0;0;3;1;1;
9e7abba0-f830-4eaa-bc81-9b454505f853;BOU_HYPERDRIVE2;5;9;2;2;0;3000;0;0;37;0;1;
5df9757a-d775-467c-a5cf-1b6ebca227eb;SHIELDS5;9;7;2;2;0;5000;10;0;58;0;1;
61881836-cf80-4ea0-8cfc-13519fc7c43d;Dual_emp1;7;4;2;2;0;900;2;682;42;0;258.0;1464.0;2856.0;0;
78a8f3dc-d01e-40b1-9131-6c71341cd9b2;Basic_laser1;5;2;2;2;0;800;1;242;38;0;259.0;1464.0;2856.0;0;
28926d4d-b4ed-4b2c-b3d5-17d4d6a3316d;Dual_emp2;7;7;2;2;0;1200;2;1100;41;0;255.0;1080.0;3096.0;0;
a779d6f3-e6da-45ab-a6c1-90d2fffae871;WEAPONS_CONTROL1;10;6;2;1;0;2000;0;0;14;1;
99391a78-193e-4ae2-aaaa-6ebeefc7a37a;SENSORS1;7;6;2;1;0;1000;0;0;13;1;1;
ec07fa0c-f8f1-4609-b5b5-3ec01c3f7508;CAPACITOR5;9;3;2;1;0;14000;0;0;0;0;
