d8b9b436-e9cf-4e87-8c9d-4c51c801b18e;PILOTING1;7;7;2;1;0;5000;0;0;3;1;
4aa0da9c-ec87-4946-81a9-2e0d83f9fa11;BOU_REACTOR4;3;8;2;2;0;8000;0;0;40;0;1;
897a55be-346e-43c8-90e4-18c64e7cead2;OXYGEN3;11;4;2;1;0;1000;3;0;1;1;1;
41de2184-9af8-48d8-af5c-16e7c338ea87;DOOR_CONTROL3;13;6;2;1;0;3000;0;0;1;1;1;
bc2b9166-759a-498a-8c83-b906ecc48f14;ENGINES6;4;7;2;1;0;2400;0;0;6;1;1;
80e9e068-6ab2-41ba-8263-8cc26196c1e9;HYPERDRIVE4;13;4;2;2;0;5000;0;0;38;0;1;
4330e14c-c79e-45c8-9d85-5da29d9c2715;BOU_SHIELDS4;9;4;2;2;0;4000;8;0;37;0;1;
8cfeaf3d-5162-4e69-a2e9-0632fea735c1;PLASMA_CUTTER2;13;7;2;2;0;1100;0;0;37;0;0.0;0.0;0.0;0;
6f080fd8-965c-4192-bd0a-9507208c1093;Heavy_Dual_laser2;3;3;2;2;0;1700;0;0;38;0;0.0;0.0;0.0;0;
3063a255-f76e-49aa-85b8-b7783a87fd57;WEAPONS_CONTROL2;4;6;2;1;0;4000;0;0;15;1;
9a96a45a-bb17-4907-aebf-860f7f8a0c44;SENSORS4;6;6;2;1;0;4000;0;0;13;1;1;
9252bb4e-f43e-42b7-9eae-c78f0837bf23;CAPACITOR2;15;6;2;1;0;4000;0;0;0;0;
