e2e5a9b4-6713-4ba1-a862-5cd2dc9a6e74;PILOTING3;3;4;2;1;0;10000;0;0;16;1;
29b685f3-b989-4023-ae04-4d9b47c8535d;REACTOR3;2;2;2;2;0;5000;0;0;47;0;1;
3d80c17b-6ab0-4a63-8308-1897cebdbee2;Dual_laser1;6;2;2;2;0;800;2;1440;52;1;130.0;6456.0;13080.0;0;
d644ffda-468d-4e70-a3a0-fbfdc5272ac5;Dual_laser1;8;2;2;2;0;800;2;1440;37;1;128.0;6936.0;12984.0;0;
55852827-3d76-40ec-a773-8a4a1e19f7a6;CAPACITOR3;12;4;2;1;0;6000;0;0;0;0;
e0c5a627-ed82-4fbd-8293-18818d5fb513;OXYGEN1;10;4;2;1;0;1000;1;0;15;1;1;
b00aca84-0daf-4ddf-b687-8d6e8be4ebb6;SENSORS1;8;4;2;1;0;1000;0;0;14;1;1;
812f502d-72a3-401c-baf6-c8f26184c039;DOOR_CONTROL1;1;4;2;1;0;1000;0;0;1;1;1;
c5d8c4bc-ba9d-45ea-a607-e5a8213b2b2b;HYPERDRIVE2;11;5;2;2;0;3000;0;0;39;0;1;
83d196d4-cd54-45e1-b8b1-85982bbb8678;MEDICAL1;4;6;2;1;0;2000;1;0;1;1;
169f8ee5-d530-46eb-80d4-0b483679eed2;ENGINES3;4;2;2;1;0;1800;0;0;1;1;1;
0829cdca-82d6-4d88-879b-dbd9fc7bcf7f;SHIELDS3;2;5;2;2;0;3000;6;0;47;0;1;
211d3693-2f7d-4f24-9b0b-e5170320b364;SYS_SHOP2;5;4;2;1;0;10000;0;0;13;1;102;SENSORS1:none:none:none:MEDICAL2:none:PILOTING4:;
6c8d65dc-e841-49fb-8e3d-dd010f37c513;MIS_SHOP;11;2;2;2;0;10000;0;0;37;1;5;13;
