22711deb-c099-46c7-9fc3-6a3f644bbbea;PILOTING1;8;7;2;1;0;5000;0;0;3;1;
16cb0c6c-4e28-488c-b482-d2d551a0b83c;BOU_REACTOR4;11;5;2;2;0;8000;0;0;57;0;1;
5d78e7cb-9f3b-485a-9f4b-795db9dcf700;OXYGEN2;5;2;2;1;0;2000;2;0;3;1;1;
2d6f3829-61b2-4262-86dc-a55f79fe9c2e;BOU_ENGINES3;5;9;2;1;0;1800;0;0;2;1;1;
1b12a6dd-055b-44b2-a4c6-3a89afbe3748;HYPERDRIVE2;14;5;2;2;0;3000;0;0;45;0;1;
ff9c4dba-3372-4bab-8344-fd7c76e4f5e7;PLASMA_CUTTER1;10;7;2;2;0;800;2;1840;48;1;287.0;11512.3203125;4830.72021484375;0;
77d4c69e-f46c-48f0-968d-847fd01744f5;BOU_Emp1;10;3;2;2;0;1000;2;1680;50;1;0.0;0.0;0.0;0;
cafa0cff-2a90-4116-a1d2-76e1281185d9;BOU_PLASMA_CUTTER4;6;4;2;2;0;1700;2;1600;49;1;289.0;11590.5595703125;4887.35986328125;0;
77bdfe7f-31aa-4dcf-ba33-56e8450cce5f;WEAPONS_CONTROL1;10;9;2;1;0;2000;0;0;3;1;
bc5296ae-c1a4-402e-83d4-3203aa7131e4;SENSORS1;5;10;2;1;0;1000;0;0;4;1;1;
