52951bc9-2f26-4f53-89ef-dba6cdfb1b53;PILOTING3;10;4;2;1;0;10000;0;0;15;1;
624df3dc-53c1-4a5e-869e-d17166e1f896;REACTOR3;8;2;2;2;0;5000;0;0;37;0;1;
671390a1-9a18-4f07-8de7-d6a6e734f7a0;Dual_laser1;11;5;2;2;0;800;0;0;39;0;0.0;0.0;0.0;0;
5916373a-a2f1-4569-a442-95624e55851b;Dual_laser1;2;5;2;2;0;800;0;0;47;0;0.0;0.0;0.0;0;
76f8eb06-ebf6-4d40-9d64-8eebef24f9aa;CAPACITOR3;12;4;2;1;0;6000;0;0;0;0;
3cf82959-cdd1-4508-aa8f-c3eab0cf8a7c;OXYGEN1;4;6;2;1;0;1000;1;0;1;1;1;
78938a8b-5382-4610-9e03-b0dec9e3b2f4;SENSORS1;3;4;2;1;0;1000;0;0;16;1;1;
2412c3bc-3241-417b-860b-479964a01923;DOOR_CONTROL1;4;2;2;1;0;1000;0;0;1;1;1;
91c8214d-2ba8-4dc4-b5fa-a754b8170598;HYPERDRIVE2;2;2;2;2;0;3000;0;0;47;0;1;
bcc94c23-f5d0-4f88-81f7-d9449ee8860e;MEDICAL1;8;4;2;1;0;2000;1;0;14;1;
e49add20-2e8a-4a37-a686-c8d0d8d76a63;ENGINES3;1;4;2;1;0;1800;0;0;1;1;1;
206453ef-c24a-4f20-9afb-ba4dfe914c8c;SHIELDS3;6;5;2;2;0;3000;6;0;51;0;1;
a9f50754-e111-430a-822d-9e3051e41be9;SHIPS_SHOP;11;2;2;2;0;10000;0;0;37;1;81;none:none:LS4 2 L0&52rgb87rgb98:;
858439b8-6d63-47cb-9439-0b27ea8f87b3;DRONE_SHOP;8;5;2;2;0;10000;0;0;39;1;3;8;
f6e2b638-b248-4f59-a69c-eb48539c3923;CAPACITOR3;5;4;2;1;0;6000;0;0;0;0;
