7c3224b7-1012-479e-a062-8924c62d5466;PILOTING2;4;7;2;1;0;10000;0;0;6;1;
8823c18c-7c78-455d-bdba-2d3b79f5b6a0;BOU_REACTOR4;9;4;2;2;0;8000;0;0;37;0;1;
6d7c910c-cacd-4869-8379-6a5834a0e5bc;OXYGEN1;15;6;2;1;0;1000;1;0;1;1;1;
4093eb93-a04d-473a-9cec-2ebebcd55ac6;DOOR_CONTROL4;6;6;2;1;0;4000;0;0;13;1;1;
171a1d64-cf78-428d-ae13-2a8607add5eb;ENGINES8;4;5;2;1;0;2800;0;0;7;1;1;
5c6f8168-b219-4291-8a4a-9874b9734679;HYPERDRIVE3;13;4;2;2;0;4000;0;0;38;0;1;
4d8382bf-328f-4926-b956-a8805e9188d3;SHIELDS1;13;7;2;2;0;1000;2;0;37;0;1;
24f8c674-cd4e-4929-b2ff-ee70c3439519;Advanced_ML4;9;7;2;2;0;1600;1;560;39;1;145.0;5208.0;13032.0;0;
aa424c68-015b-425b-9695-1c7cb6a4ce35;BOU_Advanced_ML4;3;3;2;2;0;1600;1;560;38;1;146.0;4872.0;13032.0;0;
8de7bd8c-1f30-45cf-bd17-47a0594fe465;WEAPONS_CONTROL1;4;6;2;1;0;2000;0;0;15;1;
5c184eee-fff4-42c0-957f-e6a021ccbd3d;SENSORS3;11;6;2;1;0;2000;0;0;1;1;1;
46cdb1ce-efc4-442f-b32d-92173a216814;CAPACITOR4;7;7;2;1;0;12000;0;0;0;0;
