20021a00-a676-46bc-bd9d-cd31221d9347;PILOTING1;3;5;2;1;0;5000;0;0;1;1;
c4c05fa7-0a64-4b10-9aec-b04ea0ea8620;BOU_REACTOR4;1;5;2;2;0;8000;0;0;47;0;1;
59b53a7c-8b7e-41c0-a702-fb114e6de05e;OXYGEN2;2;4;2;1;0;2000;2;0;14;1;1;
8aed068d-cd60-4376-ab7d-8a3ce138b33a;DOOR_CONTROL2;2;1;2;1;0;2000;0;0;2;1;1;
a808e6ef-f192-45e6-92e0-85d2d508abe5;ENGINES3;3;3;2;1;0;1800;0;0;1;1;1;
ed375180-980c-4bde-b2ea-77e1a37715cb;HYPERDRIVE1;10;3;2;2;0;1000;0;0;45;0;1;
8d326f91-29b2-4fe7-b99e-48f102358986;SHIELDS2;1;2;2;2;0;2000;4;0;47;0;1;
d9ee568b-a16d-4824-9d4a-a23d3f738016;BOU_Pierce_laser2;8;4;2;2;0;1500;2;278;45;0;243.0;10008.0;4392.0;0;
dbfce319-1548-4e9b-a6a4-f476e98424d9;Basic_laser1;12;4;2;2;0;800;1;447;38;0;240.0;9720.0;4392.0;0;
600ec85b-4aac-4560-a0f1-9d20f68b5afa;Heavy_laser1;6;3;2;2;0;800;1;497;56;0;241.0;9672.0;4440.0;0;
7958290f-a773-4934-be25-0decf25f512f;WEAPONS_CONTROL1;4;4;2;1;0;2000;0;0;1;1;
32ea2108-4099-4578-90f8-077dde9ad5b9;SENSORS2;2;7;2;1;0;2000;0;0;3;1;1;
