40267db1-c668-4ced-97e3-db36b8fb2285;PILOTING2;7;6;2;1;0;10000;0;0;13;1;
34e55075-f843-454c-8e4c-22aa1342c8fa;TELEPORT2;10;6;2;1;0;1000;2;1600;14;1;1;
ca131075-06b8-42b1-a6ef-500b28d687bf;BOU_REACTOR4;7;4;2;2;0;8000;0;0;42;0;1;
75d8f494-4a81-4eac-9b71-202d4fccee09;OXYGEN1;5;6;2;1;0;1000;1;0;1;1;1;
50e625b2-8a68-4224-9b35-c7149d1dacd8;DOOR_CONTROL4;9;3;2;1;0;4000;0;0;2;1;1;
04d220ce-f01e-4173-9cf3-f6298bc568cb;ENGINES6;12;6;2;1;0;2400;0;0;16;1;1;
da2e78c4-d86d-43e7-8984-6b14d74c240f;HYPERDRIVE4;9;7;2;2;0;5000;0;0;58;0;1;
0e1fa978-8f64-4777-96ec-8b5c36fa9ae7;SHIELDS4;9;4;2;2;0;4000;8;0;58;0;1;
3479c99e-6e78-40a8-8ffd-8c825d310903;Single_emp1;7;7;2;2;0;900;2;572;41;0;21.0;13416.0;7560.0;0;
414043ac-a065-497f-b759-e86ec0678971;Heavy_laser3;5;2;2;2;0;1200;1;308;38;0;20.0;13800.0;7656.0;0;
2e87ac83-e49a-4ca3-8177-290544e7d61f;Heavy_laser3;5;9;2;2;1;1002;1;0;37;0;0.0;0.0;0.0;0;
9d230561-8841-4f47-aea2-aafad0d9cb86;WEAPONS_CONTROL1;9;9;2;1;0;2000;0;0;3;1;
43e78913-5610-4c07-8cb0-78edb2846a60;SENSORS4;14;6;2;1;0;4000;0;0;1;1;1;
f5ea9e91-3f07-4b73-a855-5544072c37de;CAPACITOR3;16;6;2;1;0;6000;0;0;0;0;
