6bee04b1-2474-4f61-b9f2-04c2dd212c34;PILOTING3;3;4;2;1;0;10000;0;0;16;1;
b1bf16da-268d-43d0-8d36-c97720ea831a;REACTOR3;8;2;2;2;0;5000;0;0;37;0;1;
ed828696-b459-48be-abd3-d3db495df32a;Dual_laser1;6;2;2;2;0;800;0;0;52;0;0.0;0.0;0.0;0;
5bbb0483-48bb-4eb8-ab08-2e45cc8f0884;Dual_laser1;2;2;2;2;0;800;0;0;47;0;0.0;0.0;0.0;0;
6c5a3ee2-b78c-47a2-bd97-774a0dad2cda;CAPACITOR3;4;2;2;1;0;6000;0;0;0;0;
e18f72ce-241e-474f-8769-a4b9d76aed36;OXYGEN1;12;4;2;1;0;1000;1;0;1;1;1;
e795e653-d2fc-4b38-889b-4349b2856ec3;SENSORS1;5;4;2;1;0;1000;0;0;13;1;1;
2072fd52-2f4e-4ed0-9e62-5272cb71b475;DOOR_CONTROL1;1;4;2;1;0;1000;0;0;1;1;1;
89022f5f-e214-4faf-988a-23960edea77b;HYPERDRIVE2;11;2;2;2;0;3000;0;0;37;0;1;
33794c42-8af0-4a98-81d7-5d044334ea39;MEDICAL1;8;4;2;1;0;2000;1;0;14;1;
040c6081-3b9a-4168-b199-b09f4a25fe00;ENGINES3;10;4;2;1;0;1800;0;0;15;1;1;
74b3882d-b3d9-4fd3-864d-afb16670c296;SHIELDS3;8;5;2;2;0;3000;6;0;39;0;1;
b920d663-0d7c-4dca-80a4-a497e43ae52d;SHIPS_SHOP;6;5;2;2;0;10000;0;0;51;1;109;none:LS2 1 L2&45rgb33rgb54:CRUS4 2 L4&79rgb93rgb41:HS5 2 L3&40rgb92rgb31:none&40rgb55rgb21:;
4cd8a2a9-cbde-436a-9dab-b6cea3566c85;SYS_SHOP2;4;6;2;1;0;10000;0;0;1;1;130;none:Heavy_laser1:none:none:EXTRACTOR30:CAPACITOR4:;
8406dee6-117d-4a97-9567-ea93b0bcfc67;MIS_SHOP;11;5;2;2;0;10000;0;0;39;1;4;9;
