7b390850-a5ae-4db8-91c1-e0f40b86c809;PILOTING1;5;6;2;1;0;2000;0;0;1;1;
6fd7bdda-fcc2-47c9-9619-fcb3c707248f;TELEPORT2;12;6;2;1;0;700;2;1600;16;1;1;
845b6cc2-8a44-42cb-b9af-3facf56ea034;BOU_REACTOR4;5;9;2;2;0;6595;0;0;37;0;1;
fbcecc46-1c04-4adf-9763-cf84179378c3;OXYGEN1;9;9;2;1;1;0;1;0;3;0;1;
0703efb8-d5bf-48bf-a13c-5d8fd8d5d6aa;DOOR_CONTROL4;9;3;2;1;0;3000;0;0;2;1;1;
4bff7c41-62eb-4df3-9e25-6e22d016cc5d;BOU_ENGINES5;10;6;2;1;0;1200;0;0;14;1;1;
60d971d9-bf5b-436c-8e83-669c49ed2af9;HYPERDRIVE4;9;4;2;2;0;5000;0;0;58;0;1;
0691d2dc-c75b-48af-8e28-357cbb0fb47e;SHIELDS5;5;2;2;2;0;5000;10;0;38;0;1;
b92cc624-f83d-4104-965b-e61792b1789d;BOU_CAN_OPENER1;7;4;2;2;1;0;2;0;42;0;0.0;0.0;0.0;0;
03db0d88-e884-4aba-a451-2e46bb089d87;BOU_Emp3;7;7;2;2;0;1100;2;1520;41;1;183.0;9816.0;5928.0;0;
e612dafa-ecaf-4cdd-ba7d-8c97a968f8b6;BOU_GAT_LASER4;9;7;2;2;1;0;3;0;58;0;0.0;0.0;0.0;0;
7964ff33-c7dd-4f31-b07d-fe9bb223e831;WEAPONS_CONTROL1;7;6;2;1;0;1185;0;0;13;1;
9f824d74-c9dd-4b07-a335-bc891b42fb78;SENSORS1;14;6;2;1;0;1000;0;0;1;1;1;
8d4da676-81d9-4da9-a0a9-05b4e93d4bd0;CAPACITOR2;16;6;2;1;0;4000;0;0;0;0;
