ab1591ee-5f3d-4c79-8b63-51e776d6f6fc;MEDICAL2;11;7;2;1;0;4000;2;0;14;1;
56f9a5b0-7f69-44c2-ae00-47ea2c9c2e7f;PILOTING2;14;5;2;1;0;10000;0;0;14;1;
d4a7ada0-dce0-4293-8ec6-1810ea30a7ab;BOU_REACTOR4;4;7;2;2;0;8000;0;0;47;0;1;
42622d33-8daa-4cff-974b-cd6418de532a;OXYGEN2;14;6;2;1;0;2000;2;0;14;1;1;
953614ce-d373-4794-be8a-45dd3cc3016c;DOOR_CONTROL5;11;4;2;1;0;5000;0;0;14;1;1;
a2d3241a-1417-498e-b0df-cf9eac1a4f80;ENGINES3;13;4;2;1;0;1800;0;0;2;1;1;
6c74fcd7-f17f-4998-a3a2-f49f649ebf28;BOU_HYPERDRIVE3;5;5;2;2;0;4000;0;0;46;0;1;
89bf125c-1071-4c32-bee5-560db6d83b53;SHIELDS5;9;5;2;2;0;5000;10;1880;45;0;1;
7e6d9041-873d-4d19-896c-9ef3d95745aa;BOU_CAN_OPENER4;10;8;2;2;0;1800;2;876;56;0;119.0;3586.56;12134.4;0;
7dc22cfb-c1dd-4f3c-90be-d3104496284a;BOU_Plasma_Cannon4;10;2;2;2;0;2700;5;935;55;0;121.0;3528.0;11880.0;0;
a16a6764-abc3-4091-8de6-a5bf144752b7;BOU_Triple_laser1;4;3;2;2;0;1500;3;1320;47;0;117.0;3768.0;11976.0;0;
f5e37b24-166b-41c8-8ce6-c04472649572;Pierce_laser2;7;7;2;2;0;1500;2;1274;50;0;117.0;3720.0;12168.0;0;
001e8fb9-4876-459a-9e8d-ac7fc46d91cd;WEAPONS_CONTROL1;8;2;2;1;0;2000;0;0;2;1;
8ed2af3e-d36e-4bc1-ba84-fb84311c037a;SENSORS4;13;7;2;1;0;4000;0;0;3;1;1;
357834f0-5192-4c7c-9fe8-88e651326bf8;CAPACITOR4;6;10;2;1;0;12000;0;0;0;0;
