0467cb7c-6824-4478-a7f7-2e8c334a1f27;PILOTING2;14;6;2;1;0;10000;0;0;1;1;
3a3f22f7-7838-4b83-a361-56b1035b9684;BOU_REACTOR4;5;2;2;2;0;8000;0;0;38;0;1;
a78b6c15-ca36-4873-bb09-04b425be3f18;OXYGEN2;7;6;2;1;0;2000;2;0;13;1;1;
cf83f3c1-8965-4fc4-a175-49cbca311c3e;BOU_ENGINES7;16;6;2;1;0;2600;0;0;1;1;1;
3a7e6bf0-1929-402a-8532-db3b0471c3ab;BOU_HYPERDRIVE2;9;7;2;2;0;3000;0;0;58;0;1;
3965b241-9838-4bcf-847f-78036accc5db;BOU_SHIELDS5;5;9;2;2;0;5000;10;0;37;0;1;
dca59287-24c5-4977-b93e-7648bede58b7;BOU_Hull_Breaker3;7;7;2;2;0;1900;2;1760;41;1;0.0;0.0;0.0;0;
b80cb079-eff0-4d83-a359-25829c632e91;BOU_Triple_laser2;7;4;2;2;0;1700;3;2400;42;1;0.0;0.0;0.0;0;
9a7c8999-d7d7-456d-93fe-8613f04a9af0;WEAPONS_CONTROL1;5;6;2;1;0;2000;0;0;1;1;
38e4181c-7686-4490-a6d6-0b9b71054f9b;CAPACITOR1;9;3;2;1;0;2000;0;0;0;0;
81178414-3fc1-4548-9161-e9e41ab838a9;BOU_TELEPORT2;12;4;1;2;0;1000;2;1600;19;1;1;
