458eb2ac-9720-47b8-b608-aa8959fc64a9;PILOTING2;13;6;2;1;0;10000;0;0;1;1;
eae63193-2b3a-4498-bbd2-4f59cdb8836f;BOU_REACTOR4;3;3;2;2;0;10000;0;0;38;0;5;
2f8666c4-444a-4d49-9721-6fc71e56a95a;BOU_ENGINES6;7;5;2;1;0;4200;0;0;2;1;4;
dd7e17d3-d54f-4ad8-be71-374044e43341;CAPACITOR1;11;8;2;1;0;2000;0;0;0;0;
9629cb66-5139-4ec7-b597-7b97f3e0a685;WEAPONS_CONTROL2;11;6;2;1;0;4000;0;0;1;1;
ff1ed6eb-2d73-4872-83bf-499883cbe400;Heavy_Dual_laser3;3;8;2;2;0;1700;3;2160;40;1;0.0;0.0;0.0;0;
d9140b57-5b9b-449f-a254-2db5c03f1f5a;DOOR_CONTROL3;4;6;2;1;0;3000;0;0;15;1;1;
983aa0e7-5480-4ec5-9bcb-052ea8cec17f;MEDICAL3;9;6;2;1;0;6000;3;0;14;1;
347f751c-2bb0-4d27-87c9-6604de632743;FIRE_BEAM2;13;7;2;2;0;1100;2;1840;37;1;0.0;0.0;0.0;0;
7a6630b1-ac9a-4261-acca-71f9e541308e;SHIELDS5;13;4;2;2;0;5000;10;0;38;0;1;
01135042-ec13-4a1e-b58d-fb78a28a1b83;SENSORS3;2;6;2;1;0;2000;0;0;1;1;1;
6788d5c6-d11c-4c6c-a893-3f55d9cb9966;DOOR_CONTROL4;15;6;2;1;0;4000;0;0;1;1;1;
a9e681b3-4ad2-403e-a113-8c571256b0de;SENSORS3;11;4;2;1;0;2000;0;0;1;1;1;
714254c7-b115-40f9-9644-7bc7db5e09e8;TELEPORT2;7;7;2;1;0;1000;0;0;3;0;1;
6295f31f-3534-44b0-8de8-ada35030dd5c;DOOR_CONTROL4;6;6;2;1;0;4000;0;0;13;1;1;
a231e935-f584-40d1-94f5-8997315acd76;MEDICAL3;4;5;2;1;0;6000;0;0;7;0;
bd1f5020-f2c4-498f-b3fa-714efcca6464;SENSORS2;4;7;2;1;0;2000;0;0;6;1;1;
5cfdb750-e733-42b1-af1d-dcd4ef58daf3;Heavy_Dual_laser2;9;4;2;2;0;1700;3;2280;37;1;0.0;0.0;0.0;0;
08a1a45c-30b5-4a78-b82c-aa5c7a6ab5a8;HYPERDRIVE3;9;7;2;2;0;4000;0;0;39;0;1;
