74885315-482d-4251-8300-37c34c566765;PILOTING2;14;5;2;1;0;10000;0;0;14;1;
5364d27a-b4ba-4620-9daa-cb8c9827f9ca;BOU_REACTOR4;10;2;2;2;0;13500;0;0;55;0;12;
35fd7ea4-9fc6-4d05-93a9-69249a07d78e;BOU_HYPERDRIVE4;10;8;2;2;0;6800;0;0;56;0;4;
8ddbb2b6-2047-4f7c-af5a-4ece615d2cda;BOU_SHIELDS5;9;5;2;2;0;5000;10;0;45;0;1;
e1a07421-5be1-4f11-aa51-fb0930da6baa;WEAPONS_CONTROL2;14;6;2;1;0;4000;0;0;14;1;
32084561-aad5-4ecd-827b-36156246e18a;MEDICAL3;13;7;2;1;0;6000;3;0;3;1;
5691ad6d-beb9-46d5-9d3a-d8dfe5f39c52;DOOR_CONTROL4;6;8;1;2;0;4000;0;0;31;1;1;
70c247ea-1fa4-400a-86e8-74f7ab655c88;Heavy_Dual_laser3;4;7;2;2;0;1700;3;2160;47;1;0.0;0.0;0.0;0;
5658c87e-e379-4fa7-8887-e467a749c238;SENSORS2;12;9;1;2;0;2000;0;0;21;1;1;
f0c1e9d1-b3fb-408e-8ef0-8eb086e23829;CAPACITOR2;6;2;1;2;0;4000;0;0;0;0;
d6bd9437-2dcb-4a6f-82c3-e8c42fb06187;DOOR_CONTROL4;12;1;1;2;0;4000;0;0;21;1;1;
cebc912f-e301-497f-a053-8e762cf18749;SENSORS3;8;2;2;1;0;2000;0;0;2;1;1;
18c49d42-6547-4b86-af1d-028d4c7801dc;SENSORS3;16;5;1;2;0;2000;0;0;26;1;1;
f4dae987-25f2-479d-8640-b3cc3e03a7bf;ENGINES4;11;7;2;1;0;3200;0;0;14;1;3;
c3711c7d-ff4f-478d-8d34-3bd6f6c0e3a3;SHIELDS5;7;3;2;2;0;5000;0;0;48;0;1;
30f57edf-9001-4e49-9c56-3cb3345c9357;FIRE_BEAM2;5;5;2;2;0;1100;2;1840;46;1;0.0;0.0;0.0;0;
3b23c06d-c0f9-4804-916b-39be67a47d36;Emp2;4;3;2;2;0;1100;2;1600;47;1;0.0;0.0;0.0;0;
d50e2ae5-cc87-4216-98ff-08a9eac0194f;Heavy_Dual_laser2;7;7;2;2;0;1700;3;2280;50;1;0.0;0.0;0.0;0;
2832010e-eb1c-46ed-b433-702cfb95fa33;MEDICAL3;6;1;2;1;0;6000;0;0;2;0;
75792a57-80d2-4a44-8fbf-9d0b1f360617;SENSORS3;11;4;2;1;0;2000;0;0;14;1;1;
8ee93e37-0e20-4bfe-8243-993f48b4d391;DOOR_CONTROL4;8;9;2;1;0;4000;0;0;3;1;1;
608423d8-b69f-441a-99c2-a42c0f280403;TELEPORT2;13;4;2;1;0;1000;2;1600;2;1;1;
17ecda33-da86-4045-ba11-77b1b67526b9;DOOR_CONTROL4;11;5;1;2;0;4000;0;0;21;1;1;
88a6114d-b7ad-4a26-8a35-d8acb616a96b;CAPACITOR4;6;10;2;1;0;12000;0;0;0;0;
