ebb3a6c0-5413-4366-b81f-67aa2ff0a52e;PILOTING3;5;2;2;2;0;10000;0;0;37;1;
0385f748-1b47-446b-83b4-be27485c85b0;SHIELDS4;2;10;2;2;0;4000;8;0;46;0;1;
7ad77599-6061-4073-a729-3714224edbd3;SHIELDS4;17;10;2;2;0;4000;8;0;46;0;1;
255f00fa-99c4-49d7-844d-6cc6b697d0b3;CAPACITOR5;14;15;2;2;0;14000;0;0;0;0;
2bf30a80-b9b2-4714-9095-87d136a38704;WEAPONS_CONTROL1;14;2;2;2;0;6000;0;0;38;1;
5594f4fc-4ce6-4a6a-b93d-ec2c1e9ddc9f;MEDICAL3;5;15;2;2;0;6000;3;0;38;1;
fe2573a3-0c9f-4573-9370-e57a907d6d63;SENSORS4;4;3;1;2;0;4000;0;0;25;1;1;
467c6917-69f8-42a3-8106-070fddacd1ad;OXYGEN3;14;9;2;1;0;1000;3;0;1;1;1;
c09a4503-7f1a-474d-8507-952a1ff1b5ef;OXYGEN3;5;9;2;1;0;1000;3;0;1;1;1;
2c5c915b-9288-4335-a3bb-0880a26b2d61;DOOR_CONTROL2;16;3;1;2;0;2000;0;0;24;1;1;
ac91cb36-661c-427f-84cb-c7c7407d8e0a;REPAIR1;3;9;2;1;0;2000;1;0;14;1;
7f44ce4b-d720-47f9-88ea-3cc3ad39f1f1;REPAIR1;17;12;1;2;0;2000;1;0;19;1;
8bf8d3bc-ae8e-41ef-a37a-4869bbdf2d55;SYS_SHOP;11;10;2;2;0;10000;0;0;40;1;95;Heavy_flamer1:HYPERDRIVE1:HYPERDRIVE4:MEDICAL1:OXYGEN1:SENSORS2:;
43ef64b1-d91c-447f-b78e-b1947c6bee46;REPAIR2;8;7;2;2;0;2000;1;0;37;1;
35b64713-39eb-4b6e-a188-fd7267e8ba54;MIS_SHOP;11;7;2;2;0;10000;0;0;38;1;3;39;
6854e924-9ea4-40e8-a058-de1f9a953c2c;DRONE_SHOP;8;10;2;2;0;10000;0;0;39;1;5;12;
f555c2e1-7549-4be5-873b-14910895e49f;MIS_SHOP2;2;14;2;1;0;10000;0;0;3;1;3;18;
079d518b-f801-4c15-858a-c590a607f75e;SYS_SHOP2;16;9;2;1;0;10000;0;0;13;1;131;none:Dual_Launcher3:Cluster_ML3:SENSORS1:MEDICAL2:Advanced_ML1:;
ce4d0af9-0e30-4d28-a032-ef0c81c78ea6;SYS_SHOP2;3;5;1;2;0;10000;0;0;19;1;134;Dual_Launcher2:DOOR_CONTROL4:SENSORS3:Advanced_ML2:Basic_laser4:Basic_ML1:MODULAR_IMRPOVED_SHIELDS:;
e419caa5-3c89-4bf4-b25f-a8a0fa372a65;MIS_SHOP2;17;4;2;1;0;10000;0;0;2;1;2;15;
114527d9-d778-4808-9038-3edc0a5d6595;DRONE_SHOP2;17;14;2;1;0;10000;0;0;3;1;3;11;
2ae60de1-e29b-498c-a9c3-f2e09225df6a;REACTOR3;17;7;2;2;0;5000;0;0;46;0;1;
0fbd5d1a-8d56-4d03-ad4d-e0ace54cc6e4;REACTOR3;2;7;2;2;0;5000;0;0;46;0;1;
b3431f51-0305-436f-b889-00b3dbed1f5b;Dual_Launcher1;17;5;1;2;0;2200;0;0;19;0;0.0;0.0;0.0;0;
b713ac39-e481-49bc-bb15-659fbc9a51fe;Heavy_laser2;2;4;2;1;0;1000;0;0;2;0;0.0;0.0;0.0;0;
8aa1ae6a-1c57-48d9-95f4-cac83703f1c1;Heavy_Dual_laser1;4;14;1;2;0;1800;0;0;24;0;0.0;0.0;0.0;0;
da9ae5b6-e6f4-44d5-87f0-ccbb38628e24;Triple_laser1;16;14;1;2;0;1800;0;0;25;0;0.0;0.0;0.0;0;
