80035d19-88c2-4105-851b-eaadd2e2a682;PILOTING3;5;4;2;1;0;10000;0;0;13;1;
e836a648-9762-443f-867a-559c839b64ad;REACTOR3;8;5;2;2;0;5000;0;0;39;0;1;
ccdc2844-335e-4d5f-aa84-c2053eb54714;Dual_laser1;11;5;2;2;0;800;0;0;39;0;0.0;0.0;0.0;0;
169efd3d-397f-4d39-83f6-8865e423f02d;Dual_laser1;8;2;2;2;0;800;0;0;37;0;0.0;0.0;0.0;0;
354e8aad-fbd1-4944-a2c5-27e9052794e8;CAPACITOR3;10;4;2;1;0;6000;0;0;0;0;
a7e5c029-5de2-491f-b175-ff5f1eb099a6;OXYGEN1;12;4;2;1;0;1000;1;0;1;1;1;
edc097d0-650a-47a8-96c7-746ca2366397;SENSORS1;4;2;2;1;0;1000;0;0;1;1;1;
56090167-b422-4126-a596-5cfa17fd0780;DOOR_CONTROL1;8;4;2;1;0;1000;0;0;14;1;1;
21c0b7dd-ad30-488e-8609-2b9173332984;HYPERDRIVE2;11;2;2;2;0;3000;0;0;37;0;1;
67db0b60-94f6-4b24-beb9-b81973dcca1e;MEDICAL1;1;4;2;1;0;2000;1;0;1;1;
c05f9493-d2f1-4893-8a5e-f12832fb1802;ENGINES3;3;4;2;1;0;1800;0;0;16;1;1;
d66c2ce1-ee36-4da1-8692-4b876097b41b;SHIELDS3;6;5;2;2;0;3000;6;0;51;0;1;
8b1948ee-af0c-45ac-bd4f-5bf0750a4f0c;SHIPS_SHOP;2;5;2;2;0;10000;0;0;47;1;107;none:LS2 1 L0&50rgb66rgb42:LS1 1 L0&87rgb45rgb32:;
899053db-fd6e-4fdc-af4a-2e79e62fc904;SYS_SHOP2;4;6;2;1;0;10000;0;0;1;1;141;Basic_ML3:SENSORS2:Railgun3:FISSION_REACTOR:SENSORS1:Dual_emp2:Heavy_laser2:;
38b8a28b-5609-47c5-ab38-10cbd3975a8a;MIS_SHOP;6;2;2;2;0;10000;0;0;52;1;5;21;
