d488f7a7-9c56-4948-a1b5-e9748d7628f0;PILOTING1;10;4;2;1;0;5000;0;0;15;1;
3f98ec88-94b8-446c-885d-92886c191b3e;BOU_REACTOR4;2;2;2;2;0;8000;0;0;47;0;1;
f014bbb9-8db1-4b60-9786-94127c72f91d;OXYGEN1;3;4;2;1;0;1000;1;0;16;1;1;
0af291e7-745f-4886-8ceb-e0c748528130;DOOR_CONTROL3;8;4;2;1;0;3000;0;0;14;1;1;
53664fb7-2c6d-43a9-92a5-b76ca3d34b33;BOU_ENGINES5;4;6;2;1;0;2200;0;0;1;1;1;
cfae76f3-a949-43af-abc5-6c66cd245569;BOU_HYPERDRIVE1;6;5;2;2;0;1000;0;0;51;0;1;
3cfbc34d-32b2-4219-adb5-722373fa2e0c;SHIELDS3;11;5;2;2;0;3000;6;0;39;0;1;
7d2f1f93-2647-4605-adb1-043c87065a80;BOU_Cluster_ML1;6;2;2;2;0;1000;0;0;52;0;0.0;0.0;0.0;0;
1bd05949-f3b0-4f8e-b0f1-f79a1b1598fc;Basic_laser1;8;5;2;2;0;800;0;0;39;0;0.0;0.0;0.0;0;
07ed04e2-030e-4405-8be4-91ccb0656944;BOU_Breacher2;2;5;2;2;0;1700;0;0;47;0;0.0;0.0;0.0;0;
55043762-bcb2-404a-8f6d-badbc3b109b2;Cluster_ML1;11;2;2;2;0;1000;0;0;37;0;0.0;0.0;0.0;0;
9c9c87d6-cd62-4251-a1f4-200f99e4a66c;WEAPONS_CONTROL1;12;4;2;1;0;2000;0;0;1;1;
ea4b40ec-d2da-4fa3-9156-565af193b09d;SENSORS3;4;2;2;1;0;2000;0;0;1;1;1;
86d13122-93c1-4e0a-ba87-9f9814753f65;MEDICAL3;1;4;2;1;0;6000;3;0;1;1;
