7bd99eed-d760-4b7f-9779-61d9fb9a9d21;PILOTING1;4;7;2;1;0;5000;0;0;6;1;
88f55c92-5456-4065-bee2-c6e393d8fd79;BOU_REACTOR4;9;7;2;2;0;8000;0;0;39;0;1;
a7177a2a-0dcb-4444-9e26-919414122a5f;OXYGEN1;7;7;2;1;0;1000;1;0;3;1;1;
8add065a-f3d7-4586-b461-d4630250ae09;DOOR_CONTROL4;15;6;2;1;0;4000;0;0;1;1;1;
3069d960-929c-4933-9bea-9fb7d4f7b154;ENGINES8;4;5;2;1;0;2800;0;0;7;1;1;
5d64a320-8788-44a3-b117-a96c8abc1658;HYPERDRIVE3;3;3;2;2;0;4000;0;0;38;0;1;
24359722-e557-46e6-91f7-e10fbd1599b5;BOU_SHIELDS1;13;7;2;2;0;1000;2;0;37;0;1;
ebee5453-d22b-42bc-8946-9a2a89f6a9d9;Pierce_laser4;13;4;2;2;0;1900;2;1360;38;1;125.0;2856.0;10776.0;0;
1b11cd6a-3064-475c-a4f1-07b59b768406;Hull_Breaker4;3;8;2;2;0;2100;2;1680;40;1;124.0;2520.0;10680.0;0;
9a202f7c-c966-4246-b27f-0d1ea2282b27;WEAPONS_CONTROL1;4;6;2;1;0;2000;0;0;15;1;
9ac769c3-2b60-46b2-8f7c-e63e86f52e37;SENSORS3;2;6;2;1;0;2000;0;0;1;1;1;
d34b3496-b999-4317-ab2e-698dc18aed76;CAPACITOR3;11;6;2;1;0;6000;0;0;0;0;
