4e7ae359-122c-4fcd-a01c-6bd7cab97d92;PILOTING2;10;6;2;1;0;10000;0;0;14;1;
037d87c0-3501-46b5-9636-8153ba79e430;BOU_REACTOR4;12;5;2;2;0;8000;0;0;40;0;1;
c5d6ce52-680b-43fa-a282-ed62a521f2eb;OXYGEN1;3;5;2;1;0;1000;1;0;14;1;1;
fb7a67dc-284c-42fa-9bfa-e5cfb8f96bec;DOOR_CONTROL4;4;3;2;1;0;4000;0;0;1;1;1;
f3783b84-1311-4ce4-a9b2-36878c1ac824;ENGINES4;4;7;2;1;0;2000;0;0;1;1;1;
e1b147c3-56aa-423d-b06b-0d32921ef2df;HYPERDRIVE2;14;4;2;2;0;3000;0;0;37;0;1;
ed499125-5f3b-4276-be57-ed7afcbf06cc;BOU_SHIELDS4;7;5;2;2;0;4000;8;1504;51;0;1;
956ce2e8-3116-47d5-8b87-b9f6bfcf48c7;BOU_Basic_laser3;2;6;2;2;0;1200;1;190;47;0;262.0;4104.0;2280.0;0;
abc89262-ee7d-4f02-894b-f0477e3ff03d;Heavy_laser1;9;4;2;2;0;800;1;124;59;0;233.0;1656.0;6984.0;0;
85b5cda4-fe30-4d9e-b507-c0d14d5f1708;BOU_Pierce_laser1;2;3;2;2;0;1300;2;1018;47;0;237.0;1752.0;6840.0;0;
771c5cb8-f901-494c-85ad-d549d6cc8a62;WEAPONS_CONTROL2;11;4;2;1;0;4000;0;0;1;1;
8422d8d5-a182-4e69-b01a-01411fa3ba45;SENSORS2;5;5;2;1;0;2000;0;0;1;1;1;
