1cf0a45d-1836-44bb-9877-6c26dc00cd3f;PILOTING2;7;7;2;1;0;10000;0;0;3;1;
7929ebbf-3ace-4833-9b3e-341e711e0415;BOU_REACTOR4;3;3;2;2;0;8000;0;0;38;0;1;
f3417626-7a9c-4ca7-8fad-648d91b7abd6;OXYGEN2;11;4;2;1;0;2000;2;0;1;1;1;
8259d404-5af3-44bf-8296-8b94e96166d5;DOOR_CONTROL2;11;6;2;1;0;2000;0;0;1;1;1;
a4f38db5-ff0d-4b99-b6d5-c158a19f736f;BOU_ENGINES7;6;6;2;1;0;2600;0;0;13;1;1;
f6a733a7-86fc-4cf1-9f7d-1bdacc3f99ef;HYPERDRIVE2;9;4;2;2;0;3000;0;0;37;0;1;
71f3d982-381e-4336-a05f-1bae9ae5fa89;BOU_SHIELDS4;13;7;2;2;0;4000;8;1064;37;0;1;
6d336865-6a24-4a57-a89b-3c858758c1d3;BOU_CAN_OPENER4;13;4;2;2;0;1800;2;60;38;0;150.0;6665.28;5480.16;0;
8c7deffa-d28f-4cab-b7e1-e4a8ce462646;BOU_Pierce_laser3;3;8;2;2;0;1700;2;1140;40;0;147.0;6312.0;5592.0;0;
12d443c8-c22b-4fa3-a529-085a9337a620;Basic_laser1;9;7;2;2;0;800;1;174;39;0;149.0;6552.0;5448.0;0;
52f80d00-9987-4d41-8a19-4d9b469c6567;WEAPONS_CONTROL1;2;6;2;1;0;2000;0;0;1;1;
492a57e5-239a-4ba9-80f8-d71d04a017b5;SENSORS4;11;8;2;1;0;4000;0;0;1;1;1;
bbcca96a-1523-4f27-bb97-edab63d5f26c;CAPACITOR3;4;6;2;1;0;6000;0;0;0;0;
