d78e10bc-1650-4cda-a2f6-bed48fe4be9d;PILOTING3;4;6;2;1;0;10000;0;0;1;1;
ccee0c0f-8dad-49e3-af4d-a4d3ec7dadaf;REACTOR3;2;2;2;2;0;5000;0;0;47;0;1;
39434973-ba77-49b3-8cc5-49e3ab2df091;SHIELDS2;11;2;2;2;0;2000;4;0;37;0;1;
5d9cab56-a468-4d25-9ab3-cc0a3351c82d;REPAIR1;5;4;2;1;0;2000;1;0;13;1;
0d287b37-f68e-4cb5-9224-e67d1124cffa;MEDICAL2;10;4;2;1;0;4000;2;0;15;1;
95281d4b-8a8b-4356-82bc-307fea6ecac5;ENGINES4;1;4;2;1;0;2000;0;0;1;1;1;
985c6404-5b4f-44fd-934b-485cc6cd13f5;OXYGEN1;12;4;2;1;0;1000;1;0;1;1;1;
60789c31-2aa1-4724-b499-e29e46c5cc31;HYPERDRIVE2;2;5;2;2;0;3000;0;0;47;0;1;
4be8298c-c473-4f1f-9b4a-d3319fd6e218;CAPACITOR3;3;4;2;1;0;6000;0;0;0;0;
06c2bae2-caef-41a2-a2e2-01ac64e86045;SENSORS1;4;2;2;1;0;1000;0;0;1;1;1;
93127f44-603e-4a4d-9563-c82f8710396d;DOOR_CONTROL1;8;4;2;1;0;1000;0;0;14;1;1;
8d49c2c1-b2fb-4de3-a750-616e606b3491;Dual_laser1;6;5;2;2;0;800;2;1440;51;1;68.0;11160.0;10632.0;0;
2780df91-8dae-460c-ad27-8e43906794d4;Heavy_laser3;6;2;2;2;0;1200;1;560;52;1;66.0;11448.0;10584.0;0;
69fd8319-f63b-4e32-bf7c-c0f488f73b50;MIS_SHOP;8;5;2;2;0;10000;0;0;39;1;5;30;
