28b701cf-dae5-48fa-80ac-95ebec335529;MEDICAL2;14;6;2;1;0;4000;2;0;14;1;
56bc6650-46ce-4563-8f67-7777c4152e30;PILOTING1;11;4;2;1;0;5000;0;0;14;1;
ca076718-d72c-45c7-92f2-4a655381fab7;BOU_REACTOR4;10;2;2;2;0;8000;0;0;55;0;1;
f70112a8-257f-407a-ba75-136e04ebaa11;OXYGEN3;6;10;2;1;0;1000;3;0;3;1;1;
6c71a741-2e13-41ac-8b25-b2af7f983009;DOOR_CONTROL5;8;9;2;1;0;5000;0;0;3;1;1;
8da4768a-e526-470a-a68a-8a6ade4218a1;BOU_ENGINES5;11;7;2;1;0;2200;0;0;14;1;1;
989fa194-f27c-4bed-848c-fa880bb4b1f7;HYPERDRIVE1;9;5;2;2;0;1000;0;0;45;0;1;
eba2dde3-2229-405a-a08d-8525fd7937e2;SHIELDS5;5;5;2;2;0;5000;10;0;46;0;1;
e15490e0-c3fc-4859-83f4-aaed20eb27af;Napalm1;4;7;2;2;0;1500;2;1600;47;1;328.0;10296.0;4776.0;0;
117961b8-1ef7-43b8-b535-2d27baa7a370;BOU_Railgun4;4;3;2;2;0;2600;3;2280;47;1;326.0;10008.0;4824.0;0;
1cc29a09-10bb-43db-94b4-c29f7a46afa5;Advanced_ML3;10;8;2;2;0;1400;1;600;56;1;325.0;10008.0;4584.0;0;
0bf5cf94-3ad7-47de-b4e0-df295207c095;PLASMA_CUTTER4;7;7;2;2;0;1700;2;1600;50;1;328.0;10235.52;4926.24;0;
28ecccca-6e05-480c-ac1f-7b91781b98f0;BOU_Breacher1;7;3;2;2;0;1500;2;1520;48;1;326.0;10200.0;4728.0;0;
ec2bc8ca-e2ab-40a1-b787-d1c824f53a55;WEAPONS_CONTROL1;13;4;2;1;0;2000;0;0;2;1;
86cf4ad2-270b-476b-9e70-a37a02ef9163;SENSORS3;13;7;2;1;0;2000;0;0;3;1;1;
16b0225a-a663-4874-b198-2cca11dcafd1;CAPACITOR1;8;2;2;1;0;2000;0;0;0;0;
