f16fe584-b25f-4e6d-a6ab-e3dadf961d57;PILOTING1;13;6;2;1;0;5000;0;0;1;1;
a3178c68-3cc1-4904-baf8-464c9b425257;BOU_REACTOR4;13;4;2;2;0;8000;0;0;38;0;1;
fec6450c-307a-45a6-9627-0cdfd7449988;OXYGEN1;6;6;2;1;0;1000;1;0;13;1;1;
a3057946-a5db-47d7-bd92-b079e99bdd05;DOOR_CONTROL3;4;6;2;1;0;3000;0;0;15;1;1;
c28bc72c-12f4-4f30-89a6-df9fef4af9d5;ENGINES8;4;5;2;1;0;2800;0;0;7;1;1;
6faa5c42-8c91-49f7-8c0d-498659c15e4f;HYPERDRIVE2;13;7;2;2;0;3000;0;0;37;0;1;
6b262ab6-b196-4890-bac0-1ad0f409a4f3;SHIELDS4;3;3;2;2;0;4000;8;0;38;0;1;
34fa2555-e40f-4935-b53d-691a996938c2;Dual_emp1;3;8;2;2;0;900;0;0;40;0;0.0;0.0;0.0;0;
b80c11e2-39ab-47f5-ad90-f83d13a3371d;HULL_BEAM3;9;4;2;2;0;1400;0;0;37;0;0.0;0.0;0.0;0;
d32d1f44-fa36-4005-856e-967f7cedd2c4;Single_emp2;9;7;2;2;0;1100;0;0;39;0;0.0;0.0;0.0;0;
1b1abe9e-4b9d-4546-a53c-4f16d74aae7d;WEAPONS_CONTROL2;7;7;2;1;0;4000;0;0;3;1;
326c2cc0-1c15-4e5d-a966-b1cad75fd6e7;SENSORS4;7;5;2;1;0;4000;0;0;2;1;1;
1bacac79-73cb-4e62-95e8-35cb1cda5c16;CAPACITOR2;9;6;2;1;0;4000;0;0;0;0;
8b821571-c3f4-4e56-a44e-b72d28d1e0f8;BOU_TELEPORT2;11;8;2;1;0;1000;2;1600;1;1;1;
