d1261c15-69cf-4b64-8830-f98c4c1b4b03;PILOTING3;1;4;2;1;0;10000;0;0;1;1;
113d182a-cf98-4781-aeeb-9377a91b1da6;REACTOR3;2;2;2;2;0;5000;0;0;47;0;1;
52888ea2-e11d-4cab-b264-28500aa15087;Dual_laser1;11;2;2;2;0;800;0;0;37;0;0.0;0.0;0.0;0;
91b6dd3d-d2c2-4aff-9e98-b5546b543c8f;Dual_laser1;6;2;2;2;0;800;0;0;52;0;0.0;0.0;0.0;0;
6e063a71-2aa5-4414-a039-743dfbc51c7b;CAPACITOR3;8;4;2;1;0;6000;0;0;0;0;
0847ff59-5f44-41b2-8d3a-4261e44dde4e;OXYGEN1;10;4;2;1;0;1000;1;0;15;1;1;
b561b972-1ff0-454a-800f-1268be78c9f2;SENSORS1;5;4;2;1;0;1000;0;0;13;1;1;
80effd9b-5fa5-4d40-a526-ecc625d87cc4;DOOR_CONTROL1;4;2;2;1;0;1000;0;0;1;1;1;
fb8e7a13-9e6f-4eb8-ae24-71c3bd975565;HYPERDRIVE2;6;5;2;2;0;3000;0;0;51;0;1;
0ae4bacf-b052-4919-b0d9-73a6e2044974;MEDICAL1;12;4;2;1;0;2000;1;0;1;1;
be4794ac-ad59-45d1-8d93-a66534d9c145;ENGINES3;3;4;2;1;0;1800;0;0;16;1;1;
0ccee08a-e079-4475-bca5-38dbcb488d8c;SHIELDS3;8;2;2;2;0;3000;6;0;37;0;1;
2268e1a8-eb57-435c-9601-28144f1ce191;DRONE_SHOP;2;5;2;2;0;10000;0;0;47;1;5;11;
4e913004-fab4-4def-b6cb-7092a4563ab2;DRONE_SHOP2;4;6;2;1;0;10000;0;0;1;1;3;19;
