3cbbcc90-5dc0-40d2-b2a1-1848888c7d56;PILOTING1;11;6;2;1;0;5000;0;0;16;1;
0117a117-cb7e-4dd8-8ec0-f2fb70fb53d7;BOU_REACTOR4;6;4;2;2;0;8000;0;0;45;0;1;
9f8b6161-94be-4263-b260-fecea6124ba6;OXYGEN2;4;7;2;1;0;2000;2;0;9;1;1;
eb4798a1-e01b-4f16-be08-787d2e3188b3;DOOR_CONTROL2;2;6;2;1;0;2000;0;0;1;1;1;
6688a9f4-74db-494f-ab09-a60819a71657;ENGINES7;13;6;2;1;0;2600;0;0;1;1;1;
d7b0696a-6bd4-4d13-abfd-8ca09d321f28;HYPERDRIVE1;3;8;2;2;0;1000;0;0;40;0;1;
da5ee218-6395-473c-87f3-768969845494;SHIELDS4;6;7;2;2;0;4000;8;0;45;0;1;
51751d37-76eb-4535-a9a1-2789f3423255;Railgun4;11;7;2;2;0;2600;3;2280;39;1;285.0;7944.0;4968.0;0;
e276e711-b9ee-4c56-9df8-dbe1dd0e6f4a;Dual_emp2;3;3;2;2;1;13;2;0;38;0;0.0;0.0;0.0;0;
08f4b697-c94f-4d0e-974c-43e53276c074;Cluster_ML2;11;4;2;2;0;1200;3;1881;37;0;283.0;7608.0;5016.0;0;
774d465a-cec9-49fc-9079-0111524479d8;WEAPONS_CONTROL2;14;5;2;1;0;4000;0;0;7;1;
bdf3a92f-080b-4c22-860e-626f0b0ab05e;SENSORS1;15;6;2;1;0;1000;0;0;5;1;1;
19381238-7a72-4d44-b07f-8ad73d2a9b19;CAPACITOR2;13;8;2;1;0;4000;0;0;0;0;
778be1ba-3efe-4f47-ae3a-a323933d889d;BOU_TELEPORT2;14;7;2;1;0;1000;2;1600;6;1;1;
