826d8a9a-d62c-43bf-ad58-2d675d90cb76;PILOTING3;4;2;2;1;0;10000;0;0;1;1;
b7a475fe-488e-4824-bb9e-2a8b8ee665ce;REACTOR3;6;2;2;2;0;5000;0;0;52;0;1;
544f67d3-3ff9-410e-8953-172611a00076;Dual_laser1;6;5;2;2;0;800;0;0;51;0;0.0;0.0;0.0;0;
d1679932-991e-4ec7-abfe-de2e42764673;Dual_laser1;11;5;2;2;0;800;0;0;39;0;0.0;0.0;0.0;0;
bed734a5-e518-4d88-8594-2d883176f924;CAPACITOR3;12;4;2;1;0;6000;0;0;0;0;
7a77957f-005e-409e-890e-92fcd76ef948;OXYGEN1;5;4;2;1;0;1000;1;0;13;1;1;
3fb73c8f-b943-4e51-8a19-afb4c6b396dd;SENSORS1;8;4;2;1;0;1000;0;0;14;1;1;
be7a4a6e-af3e-4ab8-85e4-890d47999a82;DOOR_CONTROL1;3;4;2;1;0;1000;0;0;16;1;1;
1ddadea6-b845-4d46-a6ab-0667ad3e9fc7;HYPERDRIVE2;8;5;2;2;0;3000;0;0;39;0;1;
085e4265-289f-4782-9db5-f715fbba21ee;MEDICAL1;4;6;2;1;0;2000;1;0;1;1;
2b57835b-4d8e-42a5-b5fd-0380aa85d927;ENGINES3;1;4;2;1;0;1800;0;0;1;1;1;
a6b04dbd-2b27-45d6-8fa8-62da275f187f;SHIELDS3;8;2;2;2;0;3000;6;0;37;0;1;
0435b2b6-284e-4da9-b23c-595d2b268647;SYS_SHOP2;10;4;2;1;0;10000;0;0;15;1;126;CAPACITOR3:none:CAPACITOR1:Advanced_ML2:Basic_ML2:none:none:;
e3b59dfa-1699-45af-abbc-498a6fbf598d;DRONE_SHOP;11;2;2;2;0;10000;0;0;37;1;5;6;
