93436b28-06cb-4322-94f6-a83579a0ee76;PILOTING2;14;6;2;1;0;10000;0;0;1;1;
ee51c719-af54-42f8-8ed0-9615d17e0165;TELEPORT2;12;6;2;1;0;1000;2;1600;16;1;1;
2a763518-3f0a-451d-ac9c-aebe2a8a19fd;BOU_REACTOR4;7;7;2;2;0;8000;0;0;41;0;1;
7d642d82-bbb0-4744-a726-994894848dba;OXYGEN1;5;6;2;1;0;1000;1;0;1;1;1;
bee94e70-8330-4410-8d8b-8b09c463badd;DOOR_CONTROL5;9;3;2;1;0;5000;0;0;2;1;1;
33d75b42-d1cd-464f-af97-61c03fc59d75;BOU_ENGINES3;16;6;2;1;0;1800;0;0;1;1;1;
a3091fae-4185-435b-a140-53d9be4c89f5;HYPERDRIVE2;7;4;2;2;0;3000;0;0;42;0;1;
cd0a9f43-5bb6-4f8e-bfae-7f1923739c70;SHIELDS4;9;7;2;2;0;4000;8;0;58;0;1;
6f64017a-ac25-4636-b380-9e4889569f0d;BOU_Basic_ML3;5;2;2;2;0;1200;1;600;38;1;139.0;8952.0;10536.0;0;
dfabe0e6-e570-4d89-8662-cf0d6ed6608d;BOU_Single_emp2;9;4;2;2;0;1100;2;550;58;0;143.0;8808.0;10488.0;0;
16363622-88da-43f8-b3f9-faa0e50b3654;BOU_Dual_Launcher3;5;9;2;2;0;2300;3;2400;37;1;135.0;8760.0;10584.0;0;
a0a6da22-8965-4920-90f9-060968e4a9ca;WEAPONS_CONTROL1;7;6;2;1;0;2000;0;0;13;1;
80e0c713-00e3-4486-b8ce-a9b67d59b1bc;SENSORS1;9;9;2;1;0;1000;0;0;3;1;1;
7e2827ca-1231-43d3-adb4-39862365a5cc;CAPACITOR5;10;6;2;1;0;14000;0;0;0;0;
