fd908108-512d-4ff4-b760-65d92f224f29;PILOTING1;4;7;2;1;0;5000;0;0;6;1;
38bcb508-30bb-4df9-b3cd-ed164a63b5b0;BOU_REACTOR4;9;7;2;2;0;8000;0;0;39;0;1;
db48ead6-3ba8-4e26-937a-d0e8f1e3130c;OXYGEN3;11;4;2;1;0;1000;3;0;1;1;1;
37d65272-ecaa-41d8-919c-049e5cd5818f;DOOR_CONTROL3;13;6;2;1;0;3000;0;0;1;1;1;
3b46dd82-9ba9-415a-954a-6b0183bdcdbb;BOU_ENGINES7;6;6;2;1;0;2600;0;0;13;1;1;
8bcec7ae-8a28-4f13-8388-47feea4493b6;BOU_HYPERDRIVE3;13;7;2;2;0;4000;0;0;37;0;1;
4fa00a37-8400-4629-b454-fb74dc3d7f2b;SHIELDS4;9;4;2;2;0;4000;8;0;37;0;1;
19bb72e9-48bc-4455-a78f-f5bdc54167b7;Cluster_ML2;13;4;2;2;0;1200;3;1344;38;0;281.0;7464.0;1032.0;0;
fef38192-d668-48ff-b14b-247bb1aac926;Quad_laser1;3;3;2;2;0;2400;4;76;38;0;283.0;6936.0;2328.0;0;
acfb5757-1d43-48ba-9e43-aedd04f01c70;WEAPONS_CONTROL1;4;6;2;1;0;2000;0;0;15;1;
798c13ae-cc8d-46f4-b3a0-c6f5d5f84da9;SENSORS3;7;7;2;1;0;2000;0;0;3;1;1;
3792d7b2-256e-486b-8697-894a21c3e7b1;CAPACITOR4;7;5;2;1;0;12000;0;0;0;0;
