795123ef-ee79-46c9-ba5b-bb31b44544d2;PILOTING3;12;4;2;1;0;10000;0;0;1;1;
be010d0b-8e66-4615-a65e-27125b6df67b;REACTOR3;6;2;2;2;0;5000;0;0;52;0;1;
e08e0298-26b3-42e1-b0f4-257e20b5b6da;Dual_laser1;2;5;2;2;0;800;2;1440;47;1;209.0;4536.0;7128.0;0;
bd4165a8-ab1d-42ea-930c-e3a7d60b5632;Dual_laser1;2;2;2;2;0;800;2;1440;47;1;210.0;4440.0;7032.0;0;
eae9e200-ef77-4479-b016-c89101033e15;CAPACITOR3;5;4;2;1;0;6000;0;0;0;0;
ed326386-44de-4981-b45d-b1bf293a6e27;OXYGEN1;4;2;2;1;0;1000;1;0;1;1;1;
dde9a947-9adf-4516-86bb-13e177dc7ff9;SENSORS1;1;4;2;1;0;1000;0;0;1;1;1;
007687db-c2e6-42b9-aeab-05c1b2cf4363;DOOR_CONTROL1;4;6;2;1;0;1000;0;0;1;1;1;
f5d2ad23-29a5-456b-9fd7-51ff3c0966b6;HYPERDRIVE2;8;5;2;2;0;3000;0;0;39;0;1;
781e828c-78d6-4b9f-9a69-92a6a12d49a8;MEDICAL1;3;4;2;1;0;2000;1;0;16;1;
a3891a02-f660-44e4-b9bd-f3f2e7df1ccd;ENGINES3;10;4;2;1;0;1800;0;0;15;1;1;
8a7985cd-ba19-4838-83d3-179da6b8b6a0;SHIELDS3;11;2;2;2;0;3000;6;0;37;0;1;
c1e28748-ff6e-4210-9351-bb7c3b764bfe;DRONE_SHOP2;8;4;2;1;0;10000;0;0;14;1;5;14;
c8dd35b0-e314-484f-b386-2d13f82de967;SYS_SHOP;11;5;2;2;0;10000;0;0;39;1;171;OXYGEN3:none:none:CLOAK1:;
