607d9138-a98a-4cd9-92c0-587358ede4de;PILOTING2;4;7;2;1;0;10000;0;0;6;1;
06fc090b-02cc-4292-a3b8-267622651c0c;BOU_REACTOR4;13;7;2;2;0;8000;0;0;37;0;1;
c31bbce0-ac03-41bb-a0e9-4cc3c7c4a28f;OXYGEN2;11;6;2;1;0;2000;2;0;1;1;1;
0cfad43e-b982-4549-a04b-ec95ee21869c;DOOR_CONTROL3;13;6;2;1;0;3000;0;0;1;1;1;
78ba0418-9360-4b07-a31f-5da387d693c3;ENGINES7;15;6;2;1;0;2600;0;0;1;1;1;
63915c7c-7a70-4235-a853-144347e7f35a;HYPERDRIVE3;3;3;2;2;0;4000;0;0;38;0;1;
e8df8c55-a6a3-457a-9fdd-83f7b7a09060;SHIELDS5;13;4;2;2;0;5000;10;0;38;0;1;
7815cefc-973a-4278-bca0-36b0b312702e;BOU_Heavy_Dual_laser4;9;7;2;2;0;2100;3;1671;39;0;178.0;744.0;10824.0;0;
d16c6972-086d-462a-a4c3-9913263a32b4;BOU_Heavy_laser2;9;4;2;2;0;1000;1;370;37;0;175.0;7992.0;10872.0;0;
55aafc6a-3c9f-4fc5-9bd7-d071388a6508;EMP_BEAM2;3;8;2;2;0;1200;4;0;40;0;171.0;7518.72;10956.48;0;
b5e4f72e-754d-40fe-8eda-8670c4953a34;WEAPONS_CONTROL1;7;5;2;1;0;2000;0;0;2;1;
62c39e4f-7817-4422-b874-5dcfc11e5c43;SENSORS4;7;7;2;1;0;4000;0;0;3;1;1;
9b5e0e0d-796f-4f72-8c70-d3d8216d1502;CAPACITOR3;11;4;2;1;0;6000;0;0;0;0;
a174e2bb-58d4-42c9-8c2b-582f3cbe3d05;BOU_TELEPORT2;2;6;2;1;0;1000;2;1600;1;1;1;
