6a86a48f-ca20-42ec-b8fe-1cf83fe8928d;PILOTING2;7;7;2;1;0;10000;0;0;3;1;
0be3b055-6924-4448-b7a5-3e52ffc662c1;BOU_REACTOR4;13;7;2;2;0;8000;0;0;37;0;1;
f4eae583-0921-4a11-a51e-4372a22aa1ef;OXYGEN2;2;6;2;1;0;2000;2;0;1;1;1;
c9c6e5dc-01e4-44c9-97c8-affc6361cbc6;DOOR_CONTROL3;9;6;2;1;0;3000;0;0;14;1;1;
e761d728-d87d-4165-8022-08c83ebca921;BOU_ENGINES4;4;5;2;1;0;2000;0;0;7;1;1;
fdca7ef7-0004-4fcf-8e63-74b317869248;BOU_HYPERDRIVE3;3;3;2;2;0;4000;0;0;38;0;1;
09571a2f-aa58-4a2a-8e1d-4876bdad8748;SHIELDS5;9;7;2;2;0;5000;10;0;39;0;1;
2f8f1712-f4ca-499a-8663-bf77a72336aa;Railgun2;13;4;2;2;0;1600;3;93;38;0;275.0;13176.0;4008.0;0;
ef11e471-f5dc-4e2a-a9a8-83af252f3e5c;BOU_Basic_laser4;3;8;2;2;0;1400;1;229;40;0;276.0;12792.0;3912.0;0;
afd91daf-cde7-4747-afa0-a55a77b536f5;CAN_OPENER4;9;4;2;2;0;1800;2;300;37;0;262.0;10958.4;1463.04;0;
675c238a-eeff-49b8-bfef-881434e3d2f5;WEAPONS_CONTROL1;11;4;2;1;0;2000;0;0;1;1;
06e15562-80b8-4332-bcab-c22d4511d055;SENSORS3;11;8;2;1;0;2000;0;0;1;1;1;
d53b49a2-03ef-4fcb-87a0-6619f050472a;CAPACITOR4;6;6;2;1;0;12000;0;0;0;0;
