25563f8d-a753-4ebe-86a0-c8e7ea339aab;PILOTING1;11;6;2;1;0;5000;0;0;16;1;
ab9dc2dd-ed5b-4c37-8b4b-37727847034c;BOU_REACTOR4;6;7;2;2;0;8000;0;0;45;0;1;
abd77ef1-a2f9-4d43-9d8b-cd26662809c8;OXYGEN1;14;5;2;1;0;1000;1;0;7;1;1;
d13a8e71-5a11-49a3-ad4c-46c378f434f6;DOOR_CONTROL3;8;7;2;1;0;3000;0;0;3;1;1;
11bafa57-7fe7-4c4b-8953-bb8d0db8f1d0;BOU_ENGINES7;4;7;2;1;0;2600;0;0;9;1;1;
98601ba8-2364-47d4-a964-546e2449b53a;HYPERDRIVE4;11;7;2;2;0;5000;0;0;39;0;1;
fa63fc5d-ed5f-4fa0-b5cc-31d40916f17b;SHIELDS4;3;8;2;2;0;4000;8;0;40;0;1;
c5fe4430-deb0-458c-bf48-cda15325fb39;BOU_PLASMA_CUTTER4;3;3;2;2;0;1700;0;0;38;0;0.0;0.0;0.0;0;
dd9599c8-c1a0-4d24-bc07-8e4f6e03cda5;BOU_Emp3;6;4;2;2;0;1100;0;0;45;0;0.0;0.0;0.0;0;
3db8f753-61cd-459f-b4fc-a4e127bc8663;Basic_ML4;11;4;2;2;0;1400;0;0;37;0;0.0;0.0;0.0;0;
9d0e23f9-2423-4c13-a97a-8d1e6c89bd53;WEAPONS_CONTROL1;9;6;2;1;0;2000;0;0;14;1;
3637bdda-7fde-474f-b60f-6b94fa2e5372;SENSORS2;13;4;2;1;0;2000;0;0;2;1;1;
0e78ef4f-4dfb-4fa8-a013-64422d1aa03e;CAPACITOR3;13;6;2;1;0;6000;0;0;0;0;
