092224d7-60df-4a71-bfd8-d748606cab21;PILOTING1;19;6;1;2;0;5000;0;0;22;1;
948be98b-a62a-462b-8715-19416046141f;FALCON_REACTOR;5;7;2;2;0;29000;0;0;38;0;27;
3db03c34-d361-416e-9656-1560d73b7199;FALCON_ENGINES;4;6;1;2;0;3400;0;0;20;1;5;
34659b6e-1335-40ff-8668-4f2a344ba6ed;WEAPONS_CONTROL1;16;8;2;1;0;2000;0;0;3;1;
f315bf24-aa8c-4428-8dfc-7e80f0bd20ad;FALCON_SHIELDS;17;6;2;2;0;5000;10;0;57;0;5;
363f34e9-3f6d-4d53-acd1-72c210debef8;FALCON_SENSORS;16;5;2;1;0;2600;0;0;2;1;5;
355cde9d-86f8-4f0e-97d1-1a7d6c88cd4e;FALCON_O2;12;7;1;2;0;1000;1;0;20;1;1;
63924eea-a60f-4f68-b031-94f91d530b8a;MEDICAL1;12;5;1;2;0;2000;1;0;20;1;
c1a6a20e-e7b0-4a05-88e1-7df083d1b7a0;FALCON_DC;10;4;1;2;0;3000;0;0;31;1;5;
72dc4dbf-b82f-4f80-8477-d908217de12b;CAPACITOR1;10;8;1;2;0;2000;0;0;0;0;
c8dfb39b-1575-48a8-98e1-92dd725b5867;FALCON_HD;5;5;2;2;0;4600;0;0;37;0;7;
b5485ef5-583f-4916-ac55-468beaaebde1;Heavy_Dual_laser1;9;6;2;2;0;1500;3;2400;46;1;0.0;0.0;0.0;0;
9296c327-8eb4-49ba-b685-29bc04af0897;Heavy_Dual_laser2;8;3;2;2;0;1700;3;2280;49;1;0.0;0.0;0.0;0;
965475e5-3020-479f-ba4c-97a95cb0f689;Heavy_Dual_laser1;8;9;2;2;0;1500;3;2400;47;1;0.0;0.0;0.0;0;
5e32a518-c72d-4e8a-964a-e661a9326c2e;CLOAK1;13;6;2;2;0;1300;0;0;45;0;2;
b150b181-6ae1-42a0-b402-fef9d4bb8d79;OXYGEN1;11;4;2;1;0;1000;1;0;13;1;1;
94700c49-e432-4f78-85fc-4aabf1d054a8;OXYGEN2;11;9;2;1;0;2000;2;0;13;1;1;
88a096bb-9dfe-4780-855a-ff6a547ee802;CAPACITOR2;12;3;2;1;0;4000;0;0;0;0;
659d92ee-f3d3-4344-9da4-518fde285e37;Plasma_Cannon2;20;6;2;2;0;2200;5;5400;37;1;0.0;0.0;0.0;0;
72c3f5eb-ba6a-4dfa-badb-03a6a8ad1659;PILOTING2;15;7;1;2;0;10000;0;0;24;1;
25954a25-c283-4706-9e9e-5355eb209863;MEDICAL2;12;10;2;1;0;4000;0;0;8;0;
37a5bb96-f9a0-4857-ae46-bd92468a4c76;SENSORS3;7;8;2;1;0;2000;0;0;2;1;1;
a984ab14-22bc-4ce9-9112-006bd1a22092;DOOR_CONTROL1;15;5;1;2;0;1000;0;0;25;1;1;
