ffc8ec5f-39c0-43e1-8ba7-8c28ab776f17;PILOTING3;8;4;2;1;0;10000;0;0;14;1;
86201327-f13c-4c89-89be-3d2a4e3b3e82;REACTOR3;2;5;2;2;0;5000;0;0;47;0;1;
fcad6277-3e38-404b-a649-40e9cd9fb17c;Dual_laser1;8;2;2;2;0;800;0;0;37;0;0.0;0.0;0.0;0;
07061fb1-26bf-4604-9bd8-11d274cbbe0f;Dual_laser1;6;2;2;2;0;800;0;0;52;0;0.0;0.0;0.0;0;
5ca7cca7-7a19-4aee-bc6d-3917b3cd3d9e;CAPACITOR3;4;6;2;1;0;6000;0;0;0;0;
24af06ab-eb7f-4ce9-bbb7-4e31123967a9;OXYGEN1;5;4;2;1;0;1000;1;0;13;1;1;
7588f313-57d1-49b9-901e-6d902f7153bf;SENSORS1;3;4;2;1;0;1000;0;0;16;1;1;
ea576d79-b7cd-4da3-b121-28ff369e33fc;DOOR_CONTROL1;1;4;2;1;0;1000;0;0;1;1;1;
8d735232-5244-4a5b-a72a-b01d3ace2cce;HYPERDRIVE2;11;5;2;2;0;3000;0;0;39;0;1;
0aaa1350-66cf-48dd-8c9a-4a811dba6328;MEDICAL1;4;2;2;1;0;2000;1;0;1;1;
cf3fcb9a-5d0d-4ea8-9b6f-599dbb6b6644;ENGINES3;10;4;2;1;0;1800;0;0;15;1;1;
a34242be-4788-4001-b8e7-b8b13248e893;SHIELDS3;8;5;2;2;0;3000;6;0;39;0;1;
accbde05-35f8-4465-9f39-fb1a7768b200;DRONE_SHOP;2;2;2;2;0;10000;0;0;47;1;5;9;
e38e5618-f7a9-47eb-9b09-eb4faf346df4;DRONE_SHOP2;12;4;2;1;0;10000;0;0;1;1;2;14;
