01f8c059-f9cb-499c-b280-d40da81123d2;PILOTING3;8;4;2;1;0;10000;0;0;14;1;
d8fdc073-919e-4cff-8d1f-8233720a0dab;REACTOR3;11;5;2;2;0;5000;0;0;39;0;1;
1e3bf115-f758-41d7-b6c6-ddbe8ed1d08b;Dual_laser1;11;2;2;2;0;800;0;0;37;0;0.0;0.0;0.0;0;
37e29fcf-fab8-418f-bc42-ba10ebafef00;Dual_laser1;6;2;2;2;0;800;0;0;52;0;0.0;0.0;0.0;0;
7dd85e9d-4032-49f7-aeaf-b0499144ef1a;CAPACITOR3;12;4;2;1;0;6000;0;0;0;0;
a030d8df-3414-4320-afdd-9373289cf74f;OXYGEN1;5;4;2;1;0;1000;1;0;13;1;1;
e2372233-afbd-4526-8f80-6b2659d3a910;SENSORS1;4;6;2;1;0;1000;0;0;1;1;1;
1963a42d-e29b-40c1-a7e6-7a8080e6ef19;DOOR_CONTROL1;3;4;2;1;0;1000;0;0;16;1;1;
4e3f2acb-08f8-44e9-9c7d-c788f7963074;HYPERDRIVE2;8;2;2;2;0;3000;0;0;37;0;1;
b49fe817-f3b1-4d6d-a2ee-16a88afbc455;MEDICAL1;10;4;2;1;0;2000;1;0;15;1;
63391c22-6857-4308-9486-22ebdd0473fc;ENGINES3;1;4;2;1;0;1800;0;0;1;1;1;
043ea8b6-2497-4083-8f8f-636f8c4ce530;SHIELDS3;2;2;2;2;0;3000;6;0;47;0;1;
60ee90f8-8168-462d-a29a-bda1730135eb;SHIPS_SHOP;6;5;2;2;0;10000;0;0;51;1;142;HS5 1 L0&53rgb48rgb61:HS2 2 L0&68rgb81rgb36:none:LS1 2 L0&41rgb25rgb28:LS1 2 L0&79rgb29rgb40:;
ad08e096-595d-4e8a-b0c5-251ff421da25;DRONE_SHOP;8;5;2;2;0;10000;0;0;39;1;5;16;
10f774af-fbd2-4f01-a0ad-953146d662b0;CAPACITOR3;4;2;2;1;0;6000;0;0;0;0;
