55ded3b6-fa26-4660-894f-eaea5a7d2a5d;PILOTING3;3;4;2;1;0;10000;0;0;16;1;
d0f51fc0-e10f-4f9b-9368-c8ae8779dd21;REACTOR3;8;5;2;2;0;5000;0;0;39;0;1;
2592c62d-62e9-4a3c-8aff-b74c7abfa5d8;SHIELDS2;8;2;2;2;0;2000;4;0;37;0;1;
6fa5a492-c4a9-4b06-b8b0-677cf17646dc;REPAIR1;8;4;2;1;0;2000;1;0;14;1;
859ccaff-64fc-4153-98c7-8706d9ec0c8e;MEDICAL2;4;2;2;1;0;4000;2;0;1;1;
62223838-cd74-4f80-93b6-438f4a361c56;ENGINES4;10;4;2;1;0;2000;0;0;15;1;1;
e902e361-3bb0-48af-9c89-3c8ac29d9d03;OXYGEN1;1;4;2;1;0;1000;1;0;1;1;1;
ccd898cf-68c3-43ec-9704-f212936d4122;HYPERDRIVE2;2;2;2;2;0;3000;0;0;47;0;1;
b11aeb3c-4ba5-4d76-8197-f33806953b26;CAPACITOR3;4;6;2;1;0;6000;0;0;0;0;
aa2b621f-1182-4708-8fe2-7a3efe46f56d;SENSORS1;12;4;2;1;0;1000;0;0;1;1;1;
7d0c3350-46d2-41be-ad3c-a8e0f7145183;DOOR_CONTROL1;5;4;2;1;0;1000;0;0;13;1;1;
15a6aa26-debf-4d39-b583-c63c9e84f6c7;Dual_laser1;6;2;2;2;0;800;0;0;52;0;0.0;0.0;0.0;0;
5545a92c-5d9c-465b-8172-1b69edfe084f;Heavy_laser3;2;5;2;2;0;1200;0;0;47;0;0.0;0.0;0.0;0;
a1d81df2-7ce9-45c4-a64e-0523cd59f106;MIS_SHOP;11;2;2;2;0;10000;0;0;37;1;5;34;
