dcbfa9d0-d6e6-4b8c-bf95-063ceb601fb4;PILOTING1;4;5;2;1;0;5000;0;0;11;1;
f85ab329-9533-4631-8d3f-bb57d1002398;BOU_REACTOR4;6;7;2;2;0;8000;0;0;45;0;1;
ff0cac39-b4d9-41e7-8d30-e71bd9d16824;OXYGEN3;2;6;2;1;0;1000;3;0;1;1;1;
9dd61403-2533-4e49-aa18-c4696090f6d4;DOOR_CONTROL4;13;4;2;1;0;4000;0;0;2;1;1;
2e146ab2-bf91-433f-926f-ed41643e8533;ENGINES3;15;6;2;1;0;1800;0;0;5;1;1;
bc605e8b-ffd1-48a8-819e-682404ac9d17;HYPERDRIVE3;11;7;2;2;0;4000;0;0;39;0;1;
70880946-6bb3-40e3-a96c-bd040aa505e2;BOU_SHIELDS4;3;8;2;2;0;4000;8;0;40;0;1;
9f13b962-6c6c-44d3-b890-2b3574f28b5e;BOU_GAT_LASER1;3;3;2;2;0;900;3;2760;38;1;131.0;493.44;13265.76;0;
c22380dd-bec5-4c06-8583-004ea8e22a1a;Pierce_laser4;6;4;2;2;0;1900;2;1360;45;1;132.0;408.0;13272.0;0;
c195fbf0-1f7b-46b9-99da-e29c6696ec75;WEAPONS_CONTROL2;4;6;2;1;0;4000;0;0;13;1;
840d0939-80bb-4305-a055-b16fbb4b62a1;SENSORS4;13;6;2;1;0;4000;0;0;1;1;1;
fe12c9ec-b2ee-4cc4-9948-341f601c7db9;CAPACITOR2;8;5;2;1;0;4000;0;0;0;0;
