41f993fd-cf4d-495e-9cf8-56ee76f07605;SHIELDS4;14;2;2;2;0;4000;8;0;38;0;1;
edb14298-fe67-4f3f-8496-d6c280c2d268;SHIELDS4;5;2;2;2;0;4000;8;0;37;0;1;
c2846671-04d6-47dd-8e98-b89b068555da;SHIELDS4;5;15;2;2;0;4000;8;0;38;0;1;
bb28fb2b-c434-497b-bb36-1a0f276b88c2;SHIELDS4;14;15;2;2;0;4000;8;0;37;0;1;
ae11f77d-34cd-40bf-a04d-1314385bca87;REACTOR3;17;7;2;2;0;5000;0;0;41;0;1;
3c5120b6-fbfc-45f6-9a8e-0e5b26f7d3ad;REACTOR3;17;10;2;2;0;5000;0;0;42;0;1;
f2416fcd-f7bd-4afa-b37b-a7eea47da5e2;REACTOR3;2;7;2;2;0;5000;0;0;42;0;1;
c30e035f-ae89-44e2-9de6-032c881ef684;REACTOR3;2;10;2;2;0;5000;0;0;41;0;1;
61c356a0-d29c-4423-aa9d-9799ba657b27;REPAIR2;11;7;2;2;0;2000;1;0;38;1;
5146ff50-726c-43ef-b56a-becc9ef2387c;OXYGEN3;14;9;2;1;0;1000;3;0;1;1;1;
5a59cd44-6302-46bb-9a2e-a264e96d9eca;OXYGEN3;5;9;2;1;0;1000;3;0;1;1;1;
c2e9e1c3-4a68-4492-ba0c-bcbbfd6bf356;DOOR_CONTROL5;8;10;2;2;0;5000;0;0;39;1;1;
1eec94a3-ea23-4f81-97c5-b4a209dec355;Heavy_laser2;18;5;1;2;0;1000;0;0;19;0;0.0;0.0;0.0;0;
55f6b280-8abe-451c-a76a-9259f5682cfd;Heavy_laser2;18;12;1;2;0;1000;0;0;19;0;0.0;0.0;0.0;0;
d4ab2098-a3f8-470e-abf7-1d6e87c7fa43;Heavy_Dual_laser1;2;4;2;1;0;1800;0;0;2;0;0.0;0.0;0.0;0;
ae2d8bf0-b552-411b-b92b-2628091dfe18;SENSORS4;17;14;2;1;0;4000;0;0;3;1;1;
9d9f6c6c-48b4-4235-9816-91973d0ee150;PILOTING3;8;7;2;2;0;10000;0;0;37;1;
7b03cd4e-80ad-443a-84b8-b9425411620e;WEAPONS_CONTROL1;11;10;2;2;0;6000;0;0;40;1;
0218641d-220d-4e85-bc74-163a8ce8c867;Dual_Launcher1;2;14;2;1;0;2200;0;0;3;0;0.0;0.0;0.0;0;
3a9816b8-faa2-4fd9-9b80-92184c5810f4;CAPACITOR3;17;4;2;1;0;6000;0;0;0;0;
05f6e4cc-0bb1-4a0e-80b2-f67fbd7664f6;CAPACITOR3;4;14;1;2;0;6000;0;0;0;0;
6de6e16a-ecb1-40b5-9263-3e6ff344ff43;CAPACITOR3;2;5;1;2;0;6000;0;0;0;0;
