c1f18a5a-b885-476c-a027-cdb3de5c9d79;PILOTING1;14;5;2;1;0;4760;0;0;7;1;
b2d8aae2-06b0-43b6-afa8-36a365fac500;BOU_REACTOR4;3;8;2;2;0;7100;0;0;40;0;1;
919de823-a3b3-4955-8a9f-f98149b4ab31;OXYGEN2;8;7;2;1;0;2000;2;0;3;1;1;
feec6aca-e271-4395-bfed-f298783bb4c5;DOOR_CONTROL5;15;6;2;1;0;1835;0;0;5;1;1;
44fdbd4c-18e3-43fc-8540-da8ec0b37cdf;BOU_ENGINES7;2;6;2;1;0;2600;0;0;1;1;1;
e5eadce5-b6f7-4508-907f-4df4210f21fc;BOU_HYPERDRIVE2;3;3;2;2;0;2760;0;0;38;0;1;
4fc7eed9-1fca-4ae2-8ea4-ff97bec996f0;SHIELDS5;11;4;2;2;0;5000;10;0;37;0;1;
15d67423-b483-4bf4-88cc-aa687a3c4ed2;BOU_Basic_ML3;6;7;2;2;0;1200;0;0;45;0;0.0;0.0;0.0;0;
aac91497-438d-4cf5-aaa1-13da033b8aad;BOU_Single_emp2;11;7;2;2;0;125;0;0;39;0;0.0;0.0;0.0;0;
60ce4253-25f3-4f42-8c3f-f52c2c91990b;Dual_Launcher3;6;4;2;2;0;2300;0;0;45;0;0.0;0.0;0.0;0;
68011df6-bd3e-4f75-98ed-e516a39c0a3c;WEAPONS_CONTROL2;11;6;2;1;0;2935;0;0;16;1;
9faf3c29-b218-4f94-899e-0f8f8a75f996;SENSORS3;13;4;2;1;0;2000;0;0;2;1;1;
8f063356-1194-438e-b6f5-fe0746cd68b9;CAPACITOR3;4;5;2;1;0;6000;0;0;0;0;
814761dd-0fba-4f20-af6b-0fcd6e1a0716;BOU_TELEPORT2;14;7;2;1;1;514;2;0;6;0;1;
