2b037540-1b5c-401b-8cbf-a24a28f63f53;PILOTING2;4;5;2;1;0;10000;0;0;11;1;
9a90fe92-a399-42a9-9ed0-08a7f87fc388;BOU_REACTOR4;6;7;2;2;0;8000;0;0;45;0;1;
a462bf79-be2c-4af5-b1fd-2eb82099a057;OXYGEN2;9;6;2;1;0;2000;2;0;14;1;1;
aef74bfb-ce5b-4b3d-ab7b-e0cccaeca4a1;DOOR_CONTROL2;4;6;2;1;0;2000;0;0;13;1;1;
fd4e2f00-1777-448c-9c06-3ebea97d3f51;BOU_ENGINES3;13;4;2;1;0;1800;0;0;2;1;1;
9af17baf-0eb2-471a-ac27-f2585ce1b03e;HYPERDRIVE3;3;3;2;2;0;4000;0;0;38;0;1;
11bb777b-e03e-45dc-bb01-77a7bbb52567;BOU_SHIELDS1;3;8;2;2;0;1000;2;0;40;0;1;
683edf0c-9e41-48bc-9653-5d6914ab63a2;BOU_Basic_ML3;6;4;2;2;0;1200;1;600;45;1;153.0;6840.0;5160.0;0;
570749cf-c2fe-4815-945f-8ce420de22c8;Single_emp2;11;7;2;2;0;1100;2;1360;39;1;152.0;7176.0;5208.0;0;
9b8606c6-d32f-4e0d-b8e8-5d9b693f15b6;WEAPONS_CONTROL1;13;8;2;1;0;2000;0;0;3;1;
e05bfe19-9469-43ce-b389-986334618671;SENSORS2;14;7;2;1;0;2000;0;0;6;1;1;
f64e9cbf-197b-4d5c-98db-7e2421f7353a;CAPACITOR1;8;5;2;1;0;2000;0;0;0;0;
