d88ba754-7b4e-4c7d-913e-08f5a7fe9b22;PILOTING2;4;6;2;1;0;10000;0;0;15;1;
0b1428c7-a474-4c37-855c-eda378dd7b1e;BOU_REACTOR4;13;4;2;2;0;8000;0;0;38;0;1;
742309bf-a6ee-4f72-a358-2e53d51ce71f;OXYGEN3;6;6;2;1;0;1000;3;0;13;1;1;
56fd762f-ffbd-4a18-b23c-577bc59a7aea;DOOR_CONTROL3;7;5;2;1;0;3000;0;0;2;1;1;
b4ffb2d5-778e-49f4-999d-667e87599d94;BOU_ENGINES5;11;4;2;1;0;2200;0;0;1;1;1;
82bbd7f2-a08d-49e9-ab72-d622534ae7d9;HYPERDRIVE3;9;4;2;2;0;4000;0;0;37;0;1;
8e71e289-2d36-4e90-8d2d-ab2b8ee61655;SHIELDS3;3;3;2;2;0;3000;6;0;38;0;1;
d45fea51-e440-4b04-95fc-c221c397a5da;Cluster_ML1;13;7;2;2;0;1000;0;0;37;0;0.0;0.0;0.0;0;
a7f194c0-2a75-4ca9-8531-57203e6e2099;Dual_Launcher4;3;8;2;2;0;2500;0;0;40;0;0.0;0.0;0.0;0;
dd2c6f21-c4f3-4507-8859-5417ed1c947a;BOU_Heavy_laser1;9;7;2;2;0;800;0;0;39;0;0.0;0.0;0.0;0;
8f89dfb4-0c0d-436f-87ad-6dc203bae9fd;WEAPONS_CONTROL2;4;7;2;1;0;4000;0;0;6;1;
97b17516-6d02-4e21-9f86-43e570078460;SENSORS2;15;6;2;1;0;2000;0;0;1;1;1;
5226eca5-f9e5-43da-9555-1c3bc3d5b086;CAPACITOR4;11;8;2;1;0;12000;0;0;0;0;
b4fc68c6-c4ba-48c4-bd54-4ecfcf3864fd;BOU_TELEPORT2;9;6;2;1;0;1000;2;1600;14;1;1;
