3d978640-856f-4549-b563-18c81879f96e;PILOTING1;13;6;2;1;0;5000;0;0;1;1;
02fb53f6-bd8d-410f-b3ca-5efe7732ea55;BOU_REACTOR4;11;7;2;2;0;8000;0;0;39;0;1;
d83019b1-72a7-4d22-97ce-89284f5a0169;OXYGEN1;9;6;2;1;0;1000;1;0;14;1;1;
95ce3797-3867-422e-955b-0c24b26d5c3b;DOOR_CONTROL3;4;5;2;1;0;3000;0;0;11;1;1;
721b472d-5a17-4900-9977-68e129fb16bf;ENGINES4;13;4;2;1;0;2000;0;0;2;1;1;
7988dc12-2b97-4a06-84ae-01bac741f4ee;HYPERDRIVE3;3;3;2;2;0;4000;0;0;38;0;1;
1b3306ae-7e60-4ebd-a49d-2c3f5c42ecc1;SHIELDS3;6;7;2;2;0;3000;6;0;45;0;1;
a3cee079-f886-48aa-a4f3-6d2a5834df8e;BOU_HULL_BEAM2;6;4;2;2;0;1100;0;0;45;0;0.0;0.0;0.0;0;
5ceb6faa-494a-4320-bf77-33b6b5d769a6;BOU_Advanced_ML2;3;8;2;2;0;1400;0;0;40;0;0.0;0.0;0.0;0;
7ef52106-d2ad-47ec-802d-38717180305e;Railgun2;11;4;2;2;0;1600;0;0;37;0;0.0;0.0;0.0;0;
c70025d4-c391-4bc6-84ea-d25556fc57c6;WEAPONS_CONTROL1;4;7;2;1;0;2000;0;0;9;1;
c57cbebd-92fb-4051-8af3-9159636a1665;SENSORS4;2;6;2;1;0;4000;0;0;1;1;1;
6b9e10aa-f31a-4b17-b03e-15ed89b63067;CAPACITOR4;8;5;2;1;0;12000;0;0;0;0;
52ca91d5-0475-4888-8909-dbaa841cdee7;BOU_TELEPORT2;11;6;2;1;0;1000;2;1600;16;1;1;
