1a663575-230d-41bd-a71d-986f2d6ddaa8;PILOTING1;4;7;2;1;0;5000;0;0;9;1;
9761f97a-247a-4ef3-9e80-d0a030a97512;BOU_REACTOR4;11;7;2;2;0;8000;0;0;39;0;1;
91b1f6dd-c0f0-4409-86e0-315eb5f6f069;OXYGEN3;15;6;2;1;0;1000;3;0;5;1;1;
ef42c58d-0e53-4ffe-8229-cdddda0c8151;DOOR_CONTROL2;8;5;2;1;0;2000;0;0;2;1;1;
da4ca3c1-8432-49c9-b9ed-79049f25d56f;BOU_ENGINES4;13;8;2;1;0;2000;0;0;3;1;1;
7b024ab7-6814-4ff2-ac3a-5caa8b21c922;BOU_HYPERDRIVE3;3;3;2;2;0;4000;0;0;38;0;1;
0f2c029e-4ca5-4e8c-b555-4457d17710cd;BOU_SHIELDS4;3;8;2;2;0;4000;8;0;40;0;1;
9784d3b8-033f-4043-9a4f-e91b0a87fa34;BOU_Advanced_ML4;6;7;2;2;0;1600;1;186;45;0;18.0;7896.0;5016.0;0;
0d6e37ce-d35a-4c17-b34e-c335960dbab3;BOU_Triple_laser4;6;4;2;2;0;2100;3;723;45;0;16.0;7560.0;4872.0;0;
ed81c4fb-1736-43f3-9d2f-466fcc5c28c8;BOU_Breacher3;11;4;2;2;0;1900;2;922;37;0;20.0;7656.0;5112.0;0;
02a03703-bcbf-40aa-aedf-fdcdab8251af;WEAPONS_CONTROL1;11;6;2;1;0;2000;0;0;16;1;
2ea625d1-bc21-41d2-9051-417056d962fe;SENSORS4;8;7;2;1;0;4000;0;0;3;1;1;
48442980-27e0-47d2-aa49-b6547adb61e5;CAPACITOR4;13;6;2;1;0;12000;0;0;0;0;
