0f862134-27bd-4e1e-b38d-22a988675c36;PILOTING3;12;11;2;1;0;10000;0;0;8;1;
c8d48adc-2849-4e4c-a20d-0e289970c749;REACTOR3;14;2;2;2;0;5000;0;0;45;0;1;
5ec4c650-3344-4522-91af-15f4c0492377;Dual_laser1;9;8;2;2;0;800;0;0;57;0;0.0;0.0;0.0;0;
8ee392ab-a171-486c-b1bc-e9aa11b7c7e9;Dual_laser1;11;2;2;2;0;800;0;0;45;0;0.0;0.0;0.0;0;
44511849-f0bb-404d-a359-74046986d533;CAPACITOR3;11;9;2;1;0;6000;0;0;0;0;
ab6adbfd-779b-4ad9-ba89-b746266d4d4c;OXYGEN1;16;3;2;1;0;1000;1;0;2;1;1;
bd0e7708-77a9-46f4-9a2b-6fc1f408fb65;SENSORS1;9;3;2;1;0;1000;0;0;14;1;1;
82408e0f-f860-4a6b-9d0b-0a5f599e6503;DOOR_CONTROL1;8;12;2;1;0;1000;0;0;3;1;1;
b1df7068-3749-49a3-8d68-e41c77cf52a2;HYPERDRIVE1;3;7;2;2;0;1000;0;0;42;0;1;
7a03e30e-2755-41d6-ab80-408d38520117;MEDICAL1;6;12;2;1;0;2000;1;0;1;1;
71b2c0bd-bfa8-46c5-ae4e-fbde9d1906b6;ENGINES2;17;4;1;2;0;1400;0;0;20;1;1;
4713e978-6b74-4aa4-92cd-09978ef61f74;SHIELDS3;14;9;2;2;0;3000;6;0;38;0;1;
13714503-557d-45ca-ba5e-354ae3fea037;REPAIR1;9;1;1;2;0;2000;1;0;19;1;
d6f12227-ef9f-4e10-a9a7-27488096e5c2;REPAIR1;9;4;1;2;0;2000;1;0;19;1;
708d448f-8f58-4b72-8adf-c58a8919ce87;REPAIR1;13;3;1;2;0;2000;1;0;23;1;
ce755bbd-942b-47bf-a72e-64567f22ee23;CAPACITOR1;4;9;1;2;0;2000;0;0;0;0;
