226988cd-7176-4ce2-a5ed-d86ddc425bd4;PILOTING2;11;8;2;1;0;10000;0;0;1;1;
894d65b2-de19-4dfa-b104-d9e78c0eda2a;BOU_REACTOR4;3;3;2;2;0;8000;0;0;38;0;1;
7727f19a-6557-41bc-90f8-d00bf11b88f4;OXYGEN1;6;6;2;1;0;1000;1;0;13;1;1;
a1bf35dd-03d0-40fb-bd49-53c6e9e2d0a5;DOOR_CONTROL2;4;6;2;1;0;2000;0;0;15;1;1;
77526b89-45ca-4a80-87f2-b332348c6411;ENGINES8;11;4;2;1;0;2800;0;0;1;1;1;
e08b70e0-9ee9-4421-b9c4-62e3e1c0478b;HYPERDRIVE2;9;7;2;2;0;3000;0;0;39;0;1;
6c2e41e8-8c78-4326-83bf-a3f77eab5bba;BOU_SHIELDS5;13;7;2;2;0;5000;10;0;37;0;1;
27799f3a-d370-4010-9902-1655a52f66d5;Emp2;13;4;2;2;0;1100;2;1514;38;0;324.0;13176.0;8856.0;0;
9feb1285-8152-47ba-9fb1-f8cc01d59aaf;Dual_Launcher2;3;8;2;2;0;2000;3;1611;40;0;335.0;13464.0;8808.0;0;
237734e3-8217-4237-9c73-20d1566de60c;BOU_Napalm3;9;4;2;2;0;1900;2;832;37;0;328.0;13368.0;8856.0;0;
1e9097d2-9b20-4df4-ae32-c5b8815ad41c;WEAPONS_CONTROL1;2;6;2;1;0;2000;0;0;1;1;
138c58c8-3da3-459a-b3f9-1799daa5958f;SENSORS1;15;6;2;1;0;1000;0;0;1;1;1;
36e5b4c5-8a0c-4890-afc1-e041f795ae10;CAPACITOR2;11;6;2;1;0;4000;0;0;0;0;
144cfb51-9cb3-48ac-bca1-b7590cf8dc66;BOU_TELEPORT2;4;5;2;1;0;1000;2;1600;7;1;1;
