acb27cb6-4ae1-473a-b22b-775b825292fd;PILOTING3;13;12;2;2;0;10000;0;0;46;0;
0b0b9283-adf6-4536-93ef-c64422aa258c;SHIELDS3;12;10;2;2;0;3000;0;0;64;0;1;
3312d8c5-bc16-41c2-8dcf-890b8e05446e;REACTOR2;6;15;2;2;0;4000;0;0;48;0;1;
d9b8e648-61d0-4d11-aea0-99bc5232778b;REACTOR1;14;10;2;2;0;3000;0;0;58;0;1;
26fb9d04-1a29-4304-9f0a-b5b3038ee884;WEAPONS_CONTROL1;6;18;2;2;0;6000;0;0;48;0;
724ae0ff-8b9b-41d5-a64d-7e2071404ac0;OXYGEN1;4;10;2;1;0;1000;1;0;3;0;1;
cbdf7539-b4eb-4800-9ef3-f91bff90f763;OXYGEN1;10;10;2;1;0;1000;1;0;1;0;1;
c8371a46-58bc-442c-afb2-919d8d02b736;SENSORS1;15;12;1;2;0;1000;0;0;19;0;1;
e4d43250-e370-47b9-9965-481d667aff1d;SENSORS1;4;6;1;2;0;1000;0;0;19;0;1;
3e6a9fce-6bd7-4e3a-87cf-0938ef28eedc;DOOR_CONTROL1;5;15;1;2;0;1000;0;0;31;0;1;
5be278c8-3d5f-462d-a954-ca1351ae3727;MEDICAL2;8;10;2;1;0;4000;0;0;1;0;
2ff75889-82f5-4339-ba91-e377e0eba4d6;Heavy_Dual_laser1;5;17;1;2;0;1800;0;0;32;0;0.0;0.0;0.0;0;
d2a76c13-8053-462f-9776-e6f42e5b2227;Dual_laser1;7;11;1;2;0;1300;0;0;19;0;0.0;0.0;0.0;0;
5a7d5048-10ea-48b1-8ffa-b8258230a214;CAPACITOR4;3;2;2;2;0;12000;0;0;0;0;
521421b1-e08b-4a96-88b8-d959116e3c22;Emp1;12;12;1;2;0;1000;0;0;19;0;0.0;0.0;0.0;0;
