b6ebf821-c286-4dea-803a-883be13b2483;PILOTING3;5;4;2;1;0;10000;0;0;13;1;
2366450c-26be-4aa1-9cbd-fbd069bede2c;REACTOR3;2;2;2;2;0;5000;0;0;47;0;1;
f9d55631-1659-40c7-8999-5bae884ad90f;Dual_laser1;2;5;2;2;0;800;0;0;47;0;0.0;0.0;0.0;0;
059f3c92-410c-43a5-9e34-6c0cb5f4d595;Dual_laser1;11;5;2;2;0;800;0;0;39;0;0.0;0.0;0.0;0;
a73649bc-265e-4347-b7cf-decae7502ef0;CAPACITOR3;3;4;2;1;0;6000;0;0;0;0;
6ed0629c-a220-48b9-ae5b-ef2c3808da46;OXYGEN1;10;4;2;1;0;1000;1;0;15;1;1;
1d57108b-030c-4fc2-b7db-a106eadd89ff;SENSORS1;8;4;2;1;0;1000;0;0;14;1;1;
0dd40e78-d207-4cf3-b1c5-79e8bf3e345f;DOOR_CONTROL1;1;4;2;1;0;1000;0;0;1;1;1;
dae3d81f-3e73-4392-aeed-e42188fac214;HYPERDRIVE2;6;5;2;2;0;3000;0;0;51;0;1;
47ac2e38-3c16-4910-9f40-d40759165723;MEDICAL1;12;4;2;1;0;2000;1;0;1;1;
849cfd95-1f57-4825-8d68-cb4fc784f4a3;ENGINES3;4;2;2;1;0;1800;0;0;1;1;1;
ff227f97-ca48-4627-8800-cf1ef1dd8af0;SHIELDS3;8;5;2;2;0;3000;6;0;39;0;1;
3ec230c4-c60b-48e1-b457-7403da1c9f49;DRONE_SHOP2;4;6;2;1;0;10000;0;0;1;1;3;0;
41b06878-1d96-48b8-a54a-7667f0cf3736;SYS_SHOP;11;2;2;2;0;10000;0;0;37;1;146;Basic_ML3:Dual_laser1:Emp3:QUANTUM_REACTOR:EXTRACTOR50:Emp5:;
