b6d24754-27d9-4bbc-86da-1ed4a15c5c52;TELEPORT2;8;5;2;1;0;1000;2;1600;2;1;1;
70b6c561-89bb-4418-aadf-31fbde7a3a51;PILOTING2;5;11;2;1;0;10000;0;0;1;1;
b7435590-6325-4714-a906-e7b0aeb0bdb6;BOU_REACTOR4;3;10;2;2;0;8000;0;0;47;0;1;
3548812d-74c3-4f74-bb80-68900bf926f8;OXYGEN3;2;5;2;1;0;1000;3;0;2;1;1;
c9b999d4-2835-4267-a618-6b2dc2dc1738;DOOR_CONTROL4;7;6;2;1;0;4000;0;0;3;1;1;
7a7895de-8c55-4944-acf5-b3ef6d1c4c90;ENGINES3;2;8;2;1;0;1800;0;0;3;1;1;
763309de-4c20-484e-83ae-6b5157e35697;HYPERDRIVE1;4;8;2;2;0;1000;0;0;48;0;1;
073f7234-21a1-4b7c-9c92-2c65dab42e6d;BOU_Triple_laser2;2;6;2;2;0;1700;3;2400;46;1;249.0;11352.0;6264.0;0;
d4abd8e2-434e-4e7d-85e0-7af7d27d5bff;BOU_Breacher4;3;2;2;2;0;2100;2;1280;47;1;261.0;11832.0;6072.0;0;
472b0cb2-2b0f-42e4-9047-9aa33aac1f74;BOU_Quad_laser2;5;6;2;2;0;2600;4;3520;57;1;254.0;11640.0;6072.0;0;
98429548-0032-46a8-8401-9a37d83c4f45;WEAPONS_CONTROL2;7;7;2;1;0;4000;0;0;2;1;
820794e0-f78a-4936-adac-8a69f552365e;SENSORS4;5;2;2;1;0;4000;0;0;1;1;1;
68e5e6c9-46a9-485e-8570-501979b8f89b;CAPACITOR1;9;7;2;1;0;2000;0;0;0;0;
