2990893f-4a14-40f8-87b5-8a5207f4e7d2;PILOTING1;4;3;2;1;0;5000;0;0;1;1;
c095a09e-a46f-4ae5-8dd7-000940332873;BOU_REACTOR4;12;5;2;2;0;8000;0;0;40;0;1;
9d7e2730-965c-48b4-91df-b1c81f320f0b;OXYGEN1;11;4;2;1;0;1000;1;0;1;1;1;
87bedf83-6d12-41f1-a230-f362018e4762;DOOR_CONTROL4;5;5;2;1;0;4000;0;0;1;1;1;
4bb75fc7-f394-4b74-8142-e24ee19ef194;BOU_ENGINES5;3;5;2;1;0;2200;0;0;14;1;1;
9ce1d841-04b4-40a1-b3e5-dc6fca40dfa5;BOU_HYPERDRIVE2;2;3;2;2;0;3000;0;0;47;0;1;
e4fc34a8-a0d4-4c1d-9cf6-47e2ddded97b;BOU_SHIELDS5;14;4;2;2;0;5000;10;0;37;0;1;
1ab8aafa-a853-4027-90fa-e92290a29789;BOU_Single_emp1;9;4;2;2;0;900;2;1440;59;1;209.0;3048.0;5208.0;0;
6884277d-33ec-4d89-b4d9-126126e6fe74;BOU_Basic_laser3;2;6;2;2;0;1200;1;480;47;1;208.0;2664.0;5256.0;0;
51b78bbc-dc2e-44b7-9812-72c8ee681caa;BOU_Hull_Breaker2;7;5;2;2;0;1700;2;1840;51;1;208.0;2808.0;5400.0;0;
fa6a6dc5-9da8-4b61-b3ad-30cff2d75b79;WEAPONS_CONTROL2;7;4;2;1;0;4000;0;0;2;1;
e71b029b-2666-4720-a7b7-0274e8a851d0;SENSORS1;10;6;2;1;0;1000;0;0;14;1;1;
