76cf2633-4f8f-4f1e-aaea-acbc9b2fa4a2;MEDICAL2;13;4;2;1;1;0;2;0;2;0;
988fbc79-08fb-41b3-942e-e9ae56b20a08;PILOTING1;11;4;2;1;1;0;0;0;14;1;
e8094881-de84-4ec8-b678-6e81fb8f3a73;BOU_REACTOR4;4;7;2;2;1;0;0;0;47;0;1;
881dcfb1-d5a9-4d2a-b81b-4b578c32a383;OXYGEN1;8;2;2;1;1;0;1;0;2;0;1;
6030c63a-908e-4a3a-8eaa-3acc3a503b24;DOOR_CONTROL3;13;7;2;1;1;0;0;0;3;1;1;
2563e8c4-ddce-449b-9c00-0be63bbad9a5;BOU_ENGINES7;6;1;2;1;1;0;0;0;2;1;1;
893511b8-63f2-4540-80b6-cd70bb10d075;HYPERDRIVE3;10;8;2;2;1;0;0;0;56;0;1;
6c830a0e-8630-4167-9645-4d23cba4973a;BOU_SHIELDS5;5;5;2;2;1;0;10;0;46;0;1;
92c67d29-758e-41ff-b253-a0f351041b72;BOU_Quad_laser2;10;2;2;2;1;0;4;0;55;0;0.0;0.0;0.0;0;
c478c881-1801-4f1b-bd85-a621b79b9258;BOU_Emp4;7;7;2;2;1;0;2;0;50;0;0.0;0.0;0.0;0;
65b04088-00e3-46a3-ad86-85884170d976;BOU_Napalm4;7;3;2;2;1;0;2;0;48;0;0.0;0.0;0.0;0;
f80a21c7-599e-46c0-b538-841a2856d283;Napalm4;4;3;2;2;1;0;2;0;47;0;0.0;0.0;0.0;0;
4cb58eb2-806e-475a-9cc4-2c4368865365;WEAPONS_CONTROL2;14;6;2;1;1;0;0;0;14;1;
d86670b2-2abf-4f57-b33a-10f321c338a9;SENSORS4;11;7;2;1;1;0;0;0;14;1;1;
3341ce99-6541-428b-a159-4ce511690603;CAPACITOR1;6;10;2;1;1;0;0;0;0;0;
