f23839e6-7396-4c9b-9ed3-a7cca67a9eee;PILOTING3;4;2;2;1;0;10000;0;0;1;1;
980e0350-ba96-4293-8fd0-3a277bdaa99f;REACTOR3;2;5;2;2;0;5000;0;0;47;0;1;
08f1f240-cc8b-4fc7-b9dd-d53af1cc0de4;Dual_laser1;11;5;2;2;0;800;0;0;39;0;0.0;0.0;0.0;0;
616e2007-08d9-4b95-8512-c01428554ccc;Dual_laser1;8;2;2;2;0;800;0;0;37;0;0.0;0.0;0.0;0;
004a6974-2c33-42a7-8058-0f55780977af;CAPACITOR3;1;4;2;1;0;6000;0;0;0;0;
2c81ba10-ea93-44ac-9df4-6cdf7c572fd4;OXYGEN1;4;6;2;1;0;1000;1;0;1;1;1;
66bea01b-56fa-45e2-a9fb-9e9a11694765;SENSORS1;12;4;2;1;0;1000;0;0;1;1;1;
3b472f64-c88a-4389-912c-1b94b0a3254c;DOOR_CONTROL1;8;4;2;1;0;1000;0;0;14;1;1;
21b8fb51-537c-4782-aac8-555538852503;HYPERDRIVE2;2;2;2;2;0;3000;0;0;47;0;1;
398ed153-ac72-4e37-91e4-637cd386f2e1;MEDICAL1;10;4;2;1;0;2000;1;0;15;1;
e2f27928-727a-49dc-b4f8-01a0dad948fb;ENGINES3;3;4;2;1;0;1800;0;0;16;1;1;
5239a236-f439-49ce-9400-fec520f35afd;SHIELDS3;8;5;2;2;0;3000;6;0;39;0;1;
4605c9d0-63d6-407a-a226-a0bd74fb864b;SYS_SHOP2;5;4;2;1;0;10000;0;0;13;1;197;SENSORS1:MODULAR_BASIC_SHIELDS:Heavy_flamer2:MEDICAL1:DOOR_CONTROL1:Heavy_Dual_flamer1:Advanced_ML1:;
c5100800-8126-4044-b1d5-72752f38e769;MIS_SHOP;6;5;2;2;0;10000;0;0;51;1;2;34;
