62a5c42e-7848-4dbc-88a3-333cac5a0784;PILOTING3;4;6;2;1;0;10000;0;0;1;1;
cbb5f99d-263e-4747-9f0e-701886e464e1;REACTOR3;8;5;2;2;0;5000;0;0;39;0;1;
79336c79-989b-4241-a60b-e81093061814;Dual_laser1;11;2;2;2;0;800;0;0;37;0;0.0;0.0;0.0;0;
c1c58556-3730-44a7-b89b-446d02938a65;Dual_laser1;2;5;2;2;0;800;0;0;47;0;0.0;0.0;0.0;0;
a1aa0aa8-0268-4a27-bf85-990e486711b1;CAPACITOR3;8;4;2;1;0;6000;0;0;0;0;
f23f3929-8b33-49d4-ae13-6b21cdffad0f;OXYGEN1;10;4;2;1;0;1000;1;0;15;1;1;
bcb45dc5-9bb5-44a9-a77e-0385364f1224;SENSORS1;4;2;2;1;0;1000;0;0;1;1;1;
6e952853-6305-4f30-be9e-31b2e8c1be89;DOOR_CONTROL1;12;4;2;1;0;1000;0;0;1;1;1;
8d17930e-0272-4bda-baa8-0801d2f14b73;HYPERDRIVE2;6;5;2;2;0;3000;0;0;51;0;1;
08ca176a-c900-4195-8a12-c762cdabf9de;MEDICAL1;5;4;2;1;0;2000;1;0;13;1;
f2128982-a407-4990-a96e-3e29bdaa2367;ENGINES3;1;4;2;1;0;1800;0;0;1;1;1;
9777f4ad-7320-408d-9176-a4628145a3c0;SHIELDS3;2;2;2;2;0;3000;6;0;47;0;1;
b2b6afc8-d4ba-4e35-a224-8250bfdfb418;MIS_SHOP2;3;4;2;1;0;10000;0;0;16;1;2;38;
