645d09d0-f3b1-482c-bc65-211aa0da5ffd;PILOTING3;10;4;2;1;0;10000;0;0;15;1;
9a94b391-c783-49e8-add1-9cb8362acb72;REACTOR3;2;5;2;2;0;5000;0;0;47;0;1;
59176ec9-8bd4-47b9-bdf5-1f16a26f005f;Dual_laser1;6;5;2;2;0;800;0;0;51;0;0.0;0.0;0.0;0;
02ba9fb4-ceae-4807-90cc-275bd17d9a94;Dual_laser1;6;2;2;2;0;800;0;0;52;0;0.0;0.0;0.0;0;
31fee62f-2f34-424d-bd5b-54b006c97d21;CAPACITOR3;5;4;2;1;0;6000;0;0;0;0;
e64f9143-edf7-4393-8648-4f23cc222caa;OXYGEN1;8;4;2;1;0;1000;1;0;14;1;1;
cafb6c64-7ec0-4ca7-8b99-6df4d3c541b6;SENSORS1;12;4;2;1;0;1000;0;0;1;1;1;
1eaa4b24-b8b1-4ea6-8647-55e0924e4047;DOOR_CONTROL1;4;2;2;1;0;1000;0;0;1;1;1;
ffaccc7e-5cf3-40e6-8e12-f84707d5839c;HYPERDRIVE2;8;2;2;2;0;3000;0;0;37;0;1;
c1b699a2-0391-4266-99a0-a3b5c29524e8;MEDICAL1;4;6;2;1;0;2000;1;0;1;1;
26ec2c89-1f2e-41fa-8dba-b2791b22c185;ENGINES3;1;4;2;1;0;1800;0;0;1;1;1;
4baa0d0f-5adc-4a31-846b-6f315660d788;SHIELDS3;8;5;2;2;0;3000;6;0;39;0;1;
cb2e9684-5f17-4a98-ae16-82fe053db6c3;DRONE_SHOP2;3;4;2;1;0;10000;0;0;16;1;5;0;
3171d84c-4712-4dbc-bc9d-e8a478c1fad7;SYS_SHOP;11;5;2;2;0;10000;0;0;39;1;138;EMP_BEAM1:CLOAK1:HYPERDRIVE2:Breacher1:;
