f54fc843-7f33-4e4c-930a-d11eaec84fb3;PILOTING3;5;4;2;1;0;10000;0;0;13;1;
a84acd96-bfd6-4a37-8fe4-9cc3b8b6fff7;REACTOR3;2;2;2;2;0;5000;0;0;47;0;1;
0b0ddd2d-4750-459b-99a9-05d28bb2928f;Dual_laser1;8;2;2;2;0;800;2;1440;37;1;155.0;4920.0;11640.0;0;
379c0c18-0399-485d-9045-3c8e9cb69eab;Dual_laser1;6;5;2;2;0;800;2;1440;51;1;153.0;5352.0;11448.0;0;
76cb4483-9d8b-4826-9700-19f5fff01de0;CAPACITOR3;8;4;2;1;0;6000;0;0;0;0;
aa352c8e-3ab2-43dd-b54b-bc8689e8c2a2;OXYGEN1;3;4;2;1;0;1000;1;0;16;1;1;
2d479b19-abb5-4c53-8410-0417f430ffee;SENSORS1;10;4;2;1;0;1000;0;0;15;1;1;
9e472ff3-5cb0-4ddd-b872-78616a68bc19;DOOR_CONTROL1;4;2;2;1;0;1000;0;0;1;1;1;
74a5819e-455c-43cf-8f2c-1480a6ee0249;HYPERDRIVE2;2;5;2;2;0;3000;0;0;47;0;1;
26b20284-21ca-42a7-9536-a7c4cf8f1594;MEDICAL1;12;4;2;1;0;2000;1;0;1;1;
ffe68f12-7325-43cc-bc2e-b6e314cff299;ENGINES3;1;4;2;1;0;1800;0;0;1;1;1;
255b2c19-dfd8-4412-85e3-6cdd746423e0;SHIELDS3;11;5;2;2;0;3000;6;0;39;0;1;
e308b551-b570-4c5f-a2de-9dfb36a70d18;SHIPS_SHOP;8;5;2;2;0;10000;0;0;39;1;132;LS1 1 L0&38rgb69rgb60:HS4 2 L0&86rgb43rgb46:LS4 2 L0&70rgb35rgb86:LS1 2 L2&46rgb98rgb43:HS1 2 L3&99rgb76rgb55:;
b6d3e381-5420-4c98-982d-cb03655cb7d0;SYS_SHOP2;4;6;2;1;0;10000;0;0;1;1;83;none:Basic_laser2:Basic_ML1:OXYGEN2:SENSORS2:none:;
b02f5c45-338e-4cb6-92e4-3e7ccf880f75;MIS_SHOP;6;2;2;2;0;10000;0;0;52;1;5;35;
