c5e82a0b-49e6-4292-93a9-9dbd83fd13dd;PILOTING1;11;6;2;1;0;5000;0;0;1;1;
ae9fe066-2f58-443d-a814-58301d50f4d2;BOU_REACTOR4;3;8;2;2;0;8000;0;0;40;0;1;
c555862a-f3eb-4b5e-b26b-a3cfd2199f75;OXYGEN1;4;5;2;1;0;1000;1;0;7;1;1;
fba566f6-903f-4bb5-8162-9ec553bf9971;DOOR_CONTROL4;4;6;2;1;0;4000;0;0;15;1;1;
ef0c3854-38eb-469e-b777-dd8f54965b88;ENGINES5;2;6;2;1;0;2200;0;0;1;1;1;
6682325c-8cf8-4e35-b614-195cb010b239;BOU_HYPERDRIVE3;13;4;2;2;0;4000;0;0;38;0;1;
e3c0a513-1f9b-47cd-8317-f3ab5cdcfe49;BOU_SHIELDS1;9;4;2;2;0;1000;2;0;37;0;1;
bc110961-c377-49b7-adf3-08ce6220a34d;BOU_Napalm4;13;7;2;2;0;2100;0;0;37;0;0.0;0.0;0.0;0;
94033265-907a-4951-919e-d706eedd2c33;BOU_Single_emp2;9;7;2;2;0;1100;0;0;39;0;0.0;0.0;0.0;0;
382f1954-e6e2-4ee7-af66-375b89b92647;WEAPONS_CONTROL2;15;6;2;1;0;4000;0;0;1;1;
63a73ec9-fa78-4184-9379-02c5da7c73fc;SENSORS2;11;4;2;1;0;2000;0;0;1;1;1;
a0118d8b-4152-478d-b645-55cff92260bc;CAPACITOR4;13;6;2;1;0;12000;0;0;0;0;
