063e6b3c-9943-4eb2-b3dd-99e9e7ef28aa;PILOTING3;4;6;2;1;0;10000;0;0;1;1;
d7dc1291-d769-405b-a91d-9654982090be;REACTOR3;2;2;2;2;0;5000;0;0;47;0;1;
dc83c4f7-73ee-46a0-ae9f-4ae85d4dc7a1;Dual_laser1;11;2;2;2;0;800;0;0;37;0;0.0;0.0;0.0;0;
5c7de8e7-567a-4349-b244-00b62a05313d;Dual_laser1;6;2;2;2;0;800;0;0;52;0;0.0;0.0;0.0;0;
2bf30a05-e0ca-49b5-b72b-3d36d148bb9d;CAPACITOR3;5;4;2;1;0;6000;0;0;0;0;
722d851d-426f-4050-b21b-9a347a112c6d;OXYGEN1;4;2;2;1;0;775;1;0;1;1;1;
bb3419b1-409b-4a97-b69b-362d7472ee8a;SENSORS1;10;4;2;1;0;1000;0;0;15;1;1;
bca8adaa-d534-4d4b-b0ac-3f9b709ffc70;DOOR_CONTROL1;8;4;2;1;0;1000;0;0;14;1;1;
eba667bf-9de0-4e19-912e-dca33f142a21;HYPERDRIVE2;2;5;2;2;0;3000;0;0;47;0;1;
7437c19c-96e5-45b1-bff8-30afe0d9db62;MEDICAL1;3;4;2;1;0;2000;1;0;16;1;
f82300e0-8a0f-4d60-99e1-2d8687851100;ENGINES3;12;4;2;1;0;1800;0;0;1;1;1;
e1d0282a-1deb-4a69-b845-8e3484259e95;SHIELDS3;8;5;2;2;0;3000;6;0;39;0;1;
635d5fec-d1e3-4788-980f-5b89729e7377;SHIPS_SHOP;6;5;2;2;0;10000;0;0;51;1;131;LS4 1 L0&40rgb40rgb43:LS4 2 L2&89rgb24rgb34:LS4 1 L2&74rgb81rgb65:LS1 1 L0&86rgb21rgb71:LS4 2 L2&50rgb50rgb31:;
865ee5f9-0950-4306-9c6f-3e6325c61c9f;DRONE_SHOP;8;2;2;2;0;9880;0;0;37;1;4;15;
6132efd3-417c-4f7c-b343-37a0e729671b;CAPACITOR3;1;4;2;1;0;6000;0;0;0;0;
