0ad0c00d-6071-47fc-93f6-18d7cd104300;PILOTING1;11;6;2;1;0;5000;0;0;1;1;
2195fbf7-2499-4db3-a371-9d662faa6dd4;BOU_REACTOR4;9;4;2;2;0;8000;0;0;37;0;1;
833394c6-f04c-427e-8bb4-e1d87b9fe599;OXYGEN3;11;8;2;1;0;1000;3;0;1;1;1;
c7a4a334-323c-4b8c-bdb5-07d8f007b4ef;DOOR_CONTROL3;4;5;2;1;0;3000;0;0;7;1;1;
c8b5f78d-8782-4826-a0f3-545379e0c7ca;ENGINES3;7;7;2;1;0;1800;0;0;3;1;1;
ad5a92b4-5833-461b-8b43-c611a87e08aa;BOU_HYPERDRIVE3;13;7;2;2;0;4000;0;0;37;0;1;
0721a750-0ae3-4604-8560-3098a6593d18;SHIELDS1;3;8;2;2;0;1000;2;0;40;0;1;
bfd33b97-3e65-493c-8e80-307108e81241;BOU_Napalm3;13;4;2;2;0;1900;2;1440;38;1;237.0;6504.0;4584.0;0;
8146ed71-e97e-442e-9cf7-bf0589363a21;BOU_Advanced_ML1;3;3;2;2;0;1200;1;680;38;1;218.0;4968.0;6744.0;0;
0ce10bba-3eec-44e7-a6c7-a9c988592fa7;WEAPONS_CONTROL2;4;7;2;1;0;4000;0;0;6;1;
6433ac7d-ac58-4dd7-b34d-05d2c4b54386;SENSORS1;13;6;2;1;0;1000;0;0;1;1;1;
990c108d-95d3-4f3a-8b71-e59f7fd248aa;CAPACITOR2;6;6;2;1;0;4000;0;0;0;0;
