f0eebe63-eb5d-4448-ac1e-997f329ae74e;PILOTING3;10;4;2;1;0;10000;0;0;15;1;
76db5532-2f9c-414d-b93e-785e1e463d0f;SHIELDS3;8;2;2;2;0;3000;6;0;37;0;1;
120510ef-4386-4c67-9bca-139765013d11;REACTOR3;11;2;2;2;0;5000;0;0;37;0;1;
310fddb0-e9c6-4e10-ba09-2cc6f2de92dd;Dual_laser1;2;5;2;2;0;800;0;0;47;0;0.0;0.0;0.0;0;
2bb28540-556a-496c-a560-e2ddf1973749;Dual_laser1;6;2;2;2;0;800;0;0;52;0;0.0;0.0;0.0;0;
0c5ad73e-e3f5-40c4-a08f-eab639378164;CAPACITOR3;3;4;2;1;0;6000;0;0;0;0;
2a0843bf-0366-4ba3-b7e8-5d0b57f76764;ENGINES4;8;4;2;1;0;2000;0;0;14;1;1;
7d89c5b1-53e7-4b13-b68c-590422e41a0e;OXYGEN1;4;6;2;1;0;1000;1;0;1;1;1;
6553270e-33c6-4f5a-b083-84e881806c25;SENSORS1;4;2;2;1;0;1000;0;0;1;1;1;
ffa9f0f2-652d-45e8-8358-6cad6e07e1cc;DOOR_CONTROL1;5;4;2;1;0;1000;0;0;13;1;1;
d99d0f44-1010-4ce9-8591-a759e805c114;HYPERDRIVE2;6;5;2;2;0;3000;0;0;51;0;1;
7495db25-052f-4da1-9e6b-7775f4fd7749;DRONE_SHOP2;1;4;2;1;0;10000;0;0;1;1;4;17;
afcd2d18-1739-4659-8f5f-cf66e9254185;REPAIR2;2;2;2;2;0;2000;1;0;47;1;
7200f3be-3d78-4d58-82e6-7072857cd3d8;MIS_SHOP2;12;4;2;1;0;10000;0;0;1;1;4;11;
