92344935-354a-4479-a901-f81b505d6945;PILOTING1;10;6;2;1;0;3000;0;0;14;1;
dc364983-a84d-4083-89fe-e47dfa35fae3;TELEPORT2;14;6;2;1;0;1000;2;1600;1;1;1;
ec8d7d8b-e3c4-497c-8a1e-67fa74ba9758;BOU_REACTOR4;7;7;2;2;0;6000;0;0;41;0;1;
f6dc14ce-bfad-4740-8424-b6b6dd55d2ba;OXYGEN1;9;9;2;1;0;1000;1;0;3;1;1;
68eadf99-d60a-4de0-895b-50af5171f969;DOOR_CONTROL3;7;6;2;1;0;1296;0;0;13;1;1;
27b4e0c0-4d2a-42c9-aa4e-aeb2fb311f21;BOU_ENGINES6;9;3;2;1;0;2400;0;0;2;1;1;
73018f27-0c22-4f66-9c97-13ff0798adc2;BOU_HYPERDRIVE4;9;4;2;2;0;5000;0;0;58;0;1;
98fdb7b7-1534-4860-bb03-dbfb59564f35;BOU_SHIELDS5;9;7;2;2;0;5000;10;250;58;0;1;
fa97c7ac-7464-4562-86ba-725cfc9b2a61;BOU_Pierce_laser2;5;9;2;2;0;1500;2;668;37;0;335.0;7512.0;6984.0;0;
e87b9fac-34cf-4db5-be46-458fa8014dec;Pierce_laser2;7;4;2;2;0;1500;2;240;42;0;0.0;0.0;0.0;0;
a4912a6d-3d1f-4176-ac5b-ca42e8db9f2a;BOU_HULL_BEAM3;5;2;2;2;0;1400;2;94;38;0;328.0;7235.52;6834.24;0;
41de2b22-aff2-424a-a2e0-866813495296;WEAPONS_CONTROL1;5;6;2;1;1;0;0;0;1;1;
287b8bf5-e0cd-4774-bbec-2ac516890f2c;SENSORS2;12;6;2;1;0;2000;0;0;16;1;1;
d5655b36-c667-49d6-b7c3-894eeb420df6;CAPACITOR5;16;6;2;1;0;12000;0;0;0;0;
