945cc388-fec3-4e5c-8d57-67f9034f9948;PILOTING1;14;7;2;1;0;5000;0;0;6;1;
90f14bd0-7db5-4a1a-9beb-d35e4136ec46;BOU_REACTOR4;11;4;2;2;0;8000;0;0;37;0;1;
e9d357cb-2c6d-4469-b649-de1dde26d5d5;OXYGEN1;4;6;2;1;0;1000;1;0;13;1;1;
921c7cfa-4e79-4d50-94a7-c1e87d41549f;DOOR_CONTROL3;9;6;2;1;0;3000;0;0;14;1;1;
22a1f9fc-d51a-4547-a13b-3ba8be16f5d5;ENGINES6;13;4;2;1;0;2400;0;0;2;1;1;
ac3fc9aa-b504-4a0d-902d-fe220c2d8785;HYPERDRIVE3;3;3;2;2;0;4000;0;0;38;0;1;
d6b151b2-586f-42b4-a5cf-d7744054b066;SHIELDS2;3;8;2;2;0;2000;4;0;40;0;1;
260cba21-f4f1-49e3-8eec-2b76fc6cb4d4;Basic_laser3;11;7;2;2;0;1200;0;0;39;0;0.0;0.0;0.0;0;
e38dc8c0-aed8-4176-8ac9-f2a878bb06d2;Basic_ML1;6;4;2;2;0;800;0;0;45;0;0.0;0.0;0.0;0;
59cfd3eb-65cf-4ff3-9715-64d6556fb43e;WEAPONS_CONTROL1;14;5;2;1;0;2000;0;0;7;1;
1411354b-8185-4a35-9049-d1892a0632c2;SENSORS3;13;8;2;1;0;2000;0;0;3;1;1;
1f1e1008-1b72-4aff-a6e0-afed7411c5d2;CAPACITOR4;8;7;2;1;0;12000;0;0;0;0;
