1475fb33-f946-4a0f-9e32-2d32b14df2cb;PILOTING3;12;11;2;1;0;10000;0;0;8;1;
5b5795f9-970d-495f-bc04-3c4abb8fc2fc;REACTOR3;14;2;2;2;0;5000;0;0;45;0;1;
430e4338-91f5-43cc-af06-b675725a489e;Dual_laser1;3;7;2;2;0;800;0;0;42;0;0.0;0.0;0.0;0;
fd404225-d69a-4c31-9661-52278faba80c;Dual_laser1;14;9;2;2;0;800;0;0;38;0;0.0;0.0;0.0;0;
c33bed29-3f4c-4ba0-8d51-261233c9aba0;CAPACITOR3;9;3;2;1;0;6000;0;0;0;0;
69fa41c6-2c63-4094-9d20-6ed35014faf5;OXYGEN1;16;3;2;1;0;1000;1;0;2;1;1;
cedcca58-cce7-4497-96be-608d5d36b25a;SENSORS1;6;12;2;1;0;1000;0;0;1;1;1;
036045fe-e5ce-4b23-9a05-a186765e0c33;DOOR_CONTROL1;8;12;2;1;0;1000;0;0;3;1;1;
59c8f00d-c32f-411f-bdb3-836e541c5bc8;HYPERDRIVE1;11;2;2;2;0;1000;0;0;45;0;1;
80af0816-9a9f-4618-a57d-fa98e50bdd5b;MEDICAL1;11;9;2;1;0;2000;1;0;1;1;
2aa05f64-c581-48ac-8ec9-20909c32fba8;ENGINES2;17;4;1;2;0;1400;0;0;20;1;1;
349a4081-85fc-403f-b466-7348261fa9a7;SHIELDS3;9;8;2;2;0;3000;6;0;57;0;1;
f0c3bdf9-d7ff-44be-ab98-80347d920db2;REPAIR1;9;1;1;2;0;2000;1;0;19;1;
e2dce084-7dbe-4d15-b2ea-45adbec3952c;REPAIR1;9;6;1;2;0;2000;1;0;19;1;
ef04476a-9bde-4877-8be7-9dba94d13e17;REPAIR1;4;9;1;2;0;2000;1;0;20;1;
15058396-c47b-4a67-a904-1f84b158bfd7;CAPACITOR1;13;3;1;2;0;2000;0;0;0;0;
