e1f48b37-99b3-494e-b9a5-513dfb6b1085;PILOTING2;7;5;2;1;0;10000;0;0;2;1;
046ba10c-2697-4729-a979-a2a2afab6743;BOU_REACTOR4;13;7;2;2;0;8000;0;0;37;0;1;
9ac48877-0d80-48c3-b0bb-a32cbbca7d86;OXYGEN1;7;7;2;1;0;1000;1;0;3;1;1;
caff6dee-d346-4014-962d-5672fee97d43;DOOR_CONTROL2;6;6;2;1;0;2000;0;0;13;1;1;
713b2e36-b9e4-4447-a97e-7831328e5abd;BOU_ENGINES5;4;6;2;1;0;2200;0;0;15;1;1;
187bdbb5-9a05-485e-b8b4-7d393cbfae26;HYPERDRIVE2;13;4;2;2;0;3000;0;0;38;0;1;
895d9e6a-6391-494a-817c-ba8a27f35a0c;BOU_SHIELDS1;3;3;2;2;0;1000;2;0;38;0;1;
a788d41b-8cf5-42dd-a02b-8dff56b5c7ff;BOU_Hull_Breaker2;9;7;2;2;0;1700;0;0;39;0;0.0;0.0;0.0;0;
af4369fa-b3ef-4280-80f7-f33a64eee1e9;BOU_Advanced_ML4;3;8;2;2;0;1600;0;0;40;0;0.0;0.0;0.0;0;
edcd9225-120d-4a68-8e9f-176051e0cb73;WEAPONS_CONTROL1;11;6;2;1;0;2000;0;0;1;1;
86de11d2-19c9-4a49-b18e-992c1437e072;SENSORS2;13;6;2;1;0;2000;0;0;1;1;1;
793e9c1d-5cce-49b6-8eb2-f1bd648a4e51;CAPACITOR2;11;8;2;1;0;4000;0;0;0;0;
