d4868d6e-70c0-425f-9c3c-7ddb2aad706e;PILOTING3;4;6;2;1;0;10000;0;0;1;1;
0fdef28b-2ae6-4d7e-9561-2a08107ec6f7;REACTOR3;8;5;2;2;0;5000;0;0;39;0;1;
90d95d5d-dfc3-4191-8c4f-bd82b42bce76;Dual_laser1;6;5;2;2;0;800;2;1440;51;1;162.0;6936.0;11688.0;0;
0d7881e7-fdc4-4383-91b3-da3439de4475;Dual_laser1;6;2;2;2;0;800;2;1440;52;1;167.0;7272.0;11496.0;0;
fd4035f2-87a4-43f0-9616-0aa363e8e2bb;CAPACITOR3;8;4;2;1;0;6000;0;0;0;0;
7b97198c-0751-46fb-9611-8a52ffded936;OXYGEN1;12;4;2;1;0;1000;1;0;1;1;1;
7fb59bda-19c0-4fb1-82bc-6f991fb46874;SENSORS1;4;2;2;1;0;1000;0;0;1;1;1;
a4bd8c4d-f079-46ee-8db1-f9a28efcdd40;DOOR_CONTROL1;10;4;2;1;0;1000;0;0;15;1;1;
589ba32c-3bd5-4ae9-8462-faa8852429e1;HYPERDRIVE2;11;2;2;2;0;3000;0;0;37;0;1;
282faa8c-3c35-4f1f-ac16-c390e534d0b4;MEDICAL1;1;4;2;1;0;2000;1;0;1;1;
2bea0b59-f1f2-4448-a54c-3fedb3ad745b;ENGINES3;3;4;2;1;0;1800;0;0;16;1;1;
fda6e241-a238-4c2b-9403-2800247ca64a;SHIELDS3;2;5;2;2;0;3000;6;0;47;0;1;
3eed019f-199a-470a-a21d-9002040c76aa;MIS_SHOP2;5;4;2;1;0;10000;0;0;13;1;4;17;
