0b984a60-e8ec-4ad9-958e-825b0482f0f5;PILOTING2;14;5;2;1;0;10000;0;0;7;1;
c9110c63-8ea7-43a2-9e87-0595c308da97;BOU_REACTOR4;11;4;2;2;0;8000;0;0;37;0;1;
b0f77fbc-facf-442a-aa02-f0f2dcbdd683;OXYGEN1;2;6;2;1;0;1000;1;0;1;1;1;
e2396a3f-91a0-4e89-84d9-df7f28f91847;DOOR_CONTROL2;4;7;2;1;0;2000;0;0;9;1;1;
dad5fdc0-495f-4d1c-a881-a4a98ec6bc15;ENGINES3;4;6;2;1;0;1800;0;0;13;1;1;
3d85b0e7-ba46-4539-b3c6-f6f5ecf6a9aa;HYPERDRIVE2;3;8;2;2;0;3000;0;0;40;0;1;
18a3dfcd-22e3-49f2-b190-b9fbd9b1f9de;BOU_SHIELDS5;6;7;2;2;0;5000;10;0;45;0;1;
eb6eebfe-63db-4307-9a39-e2afb264530e;BOU_FIRE_BEAM2;11;7;2;2;0;1100;0;0;39;0;0.0;0.0;0.0;0;
2b801127-dd1d-44a6-8082-b520bb8e34c5;BOU_Basic_laser4;3;3;2;2;0;1400;0;0;38;0;0.0;0.0;0.0;0;
b3415f98-65fe-41f7-9d89-cb2cbd971ce3;BOU_Cluster_ML1;6;4;2;2;0;1000;0;0;45;0;0.0;0.0;0.0;0;
0aaa5015-f3f2-49e4-a570-a6afe2fa2e3d;WEAPONS_CONTROL2;11;6;2;1;0;4000;0;0;16;1;
3bc0db0d-0d97-4860-8829-6ef849bbc650;SENSORS2;8;5;2;1;0;2000;0;0;2;1;1;
0994209b-8940-4308-b3a9-87051551245a;CAPACITOR1;15;6;2;1;0;2000;0;0;0;0;
