31cc18ba-86df-432e-83b2-35869171615b;PILOTING1;15;6;2;1;0;5000;0;0;1;1;
390330af-0ae4-4a4b-bb07-913df19a4d0d;BOU_REACTOR4;3;3;2;2;0;8000;0;0;38;0;1;
f5b862fe-2e3f-4300-94f1-83936a027060;OXYGEN1;13;6;2;1;0;1000;1;0;1;1;1;
538ec6ef-ef58-46e7-b91c-c907fe9cf1bf;DOOR_CONTROL5;4;7;2;1;0;5000;0;0;6;1;1;
c70635c0-7300-4351-96fa-1e53a086e171;ENGINES6;11;8;2;1;0;2400;0;0;1;1;1;
08ed980e-f259-47dd-abb1-e0f111f2c664;HYPERDRIVE4;13;7;2;2;0;5000;0;0;37;0;1;
cbf92002-15d3-427f-90ef-ca1d753f32e7;BOU_SHIELDS4;13;4;2;2;0;4000;8;1096;38;0;1;
660bcce1-4696-4e4d-ae07-289a738d94c4;Basic_ML3;9;4;2;2;0;1200;1;373;37;0;99.0;2664.0;5592.0;0;
e6b59d78-36ff-4a6f-b280-84c9ab18beb0;BOU_Napalm3;9;7;2;2;1;28;2;0;39;0;0.0;0.0;0.0;0;
3e768530-5c31-4237-a48b-05175ec06b0e;BOU_Emp2;3;8;2;2;0;1100;2;1142;40;0;96.0;2616.0;5448.0;0;
48a77722-0692-4c3d-9ac3-90fd57c041a0;WEAPONS_CONTROL1;7;7;2;1;0;2000;0;0;3;1;
27a9e73d-65ef-4f8f-a39f-a198625ecefb;SENSORS4;4;5;2;1;0;4000;0;0;7;1;1;
eba65ef4-3f38-423c-a4bc-2e3a8435aa64;CAPACITOR4;7;5;2;1;0;12000;0;0;0;0;
64d975d3-cd5a-4f75-8b8a-5e4db625ae41;BOU_TELEPORT2;6;6;2;1;0;1000;2;1600;13;1;1;
