a22cd392-0da0-4d57-ab81-fb0ee5d95469;PILOTING3;4;6;2;1;0;9490;0;0;1;1;
f4eea875-01ff-4631-acb1-82dc1f246613;SHIELDS2;11;2;2;2;0;2000;4;0;37;0;1;
2680c054-96c2-43e9-9c95-3d2645038338;REACTOR3;2;2;2;2;0;4355;0;0;47;0;1;
23343de3-0354-4fc7-91a2-f4e99d94ce41;REPAIR1;4;2;2;1;0;1430;1;0;1;1;
23a2b121-3cb0-42c2-8315-9cc44875bb84;MEDICAL2;8;4;2;1;0;2260;2;0;14;1;
14320a0a-8b19-4868-a4b0-937728c71c79;ENGINES4;12;4;2;1;0;2000;0;0;1;1;1;
742fdc28-00cb-402c-bf09-46b25c87a5bd;OXYGEN1;3;4;2;1;0;299;1;0;16;1;1;
a3b89bef-7d13-4158-8526-e07fe2dc6be6;HYPERDRIVE2;8;2;2;2;0;2067;0;0;37;0;1;
0694097e-50b1-4604-9270-6eb19a1a480e;CAPACITOR3;5;4;2;1;0;6000;0;0;0;0;
81eb512d-bff1-4380-850b-c6442f1dee00;SENSORS1;10;4;2;1;0;1000;0;0;15;1;1;
b102179c-e943-47c2-8731-8c32f4b3dce4;DOOR_CONTROL1;1;4;2;1;0;355;0;0;1;1;1;
9121039d-3c3b-4f2f-9f0d-70187fe335a4;Dual_laser1;6;5;2;2;0;800;0;0;51;0;0.0;0.0;0.0;0;
8ada3678-9c41-49c5-a07e-32dce563f92e;Heavy_laser3;2;5;2;2;1;0;0;0;47;0;0.0;0.0;0.0;0;
382b61f3-d130-4f18-940f-a390de88ab25;DRONE_SHOP;8;5;2;2;0;8305;0;0;39;1;4;15;
