ec6277fc-026e-4407-8b99-55ddecedf921;PILOTING3;12;4;2;1;0;10000;0;0;1;1;
38359ec9-513d-421c-95fb-f2df67a88e1c;REACTOR3;8;2;2;2;0;5000;0;0;37;0;1;
e436b5f6-f26f-425c-9fa9-a6521ae89c71;Dual_laser1;11;5;2;2;0;800;2;1440;39;1;350.0;12072.0;8040.0;0;
6982c173-5255-4b53-9a0a-40c90cc7e804;Dual_laser1;11;2;2;2;0;800;2;1440;37;1;349.0;11976.0;8040.0;0;
ee12cb09-f5d6-4ba7-9f52-fc0321ca2944;CAPACITOR3;4;2;2;1;0;6000;0;0;0;0;
12339b0b-b4af-47bb-ad5b-4eeb6b2afc85;OXYGEN1;4;6;2;1;0;1000;1;0;1;1;1;
732bc06c-7a8e-4c2b-ad74-f1be4b4ef573;SENSORS1;1;4;2;1;0;1000;0;0;1;1;1;
63b489ac-74ca-4927-8ccc-d58dcd9707f5;DOOR_CONTROL1;8;4;2;1;0;1000;0;0;14;1;1;
7cf456ad-5e9c-4f81-a4cd-674e66d10c00;HYPERDRIVE2;2;5;2;2;0;3000;0;0;47;0;1;
7016f41f-9348-40b4-91b8-655401715c63;MEDICAL1;10;4;2;1;0;2000;1;0;15;1;
1a3f78d0-670c-4192-afe2-eff3fc6c5a17;ENGINES3;3;4;2;1;0;1800;0;0;16;1;1;
020a5384-63b8-4f0c-8fb5-a42b524346a5;SHIELDS3;6;5;2;2;0;3000;6;0;51;0;1;
aff6ec0c-7446-4eb4-a71e-d392d96bbae7;SHIPS_SHOP;2;2;2;2;0;10000;0;0;47;1;97;LS4 1 L2&73rgb36rgb63:LS1 2 L0&89rgb80rgb100:;
5247b9fe-e70e-47f3-8dc0-f9a99940d0b0;MIS_SHOP;6;2;2;2;0;10000;0;0;52;1;4;25;
e34b7e42-c51e-4c8b-b08c-5568be42fb95;REPAIR1;5;4;2;1;0;2000;1;0;13;1;
