ca6e574b-7a6b-43e2-94cd-cf6631008363;PILOTING2;8;5;2;1;0;10000;0;0;2;0;
1e207ac6-bd87-4c35-9178-435945b5a8a7;BOU_REACTOR4;6;7;2;2;0;8000;0;0;45;0;1;
8e666676-34b5-4710-9713-65f5dfcc44a5;OXYGEN1;13;6;2;1;0;1000;1;0;1;0;1;
f74eda82-8096-437c-8823-f52a6bf85105;DOOR_CONTROL2;9;6;2;1;0;2000;0;0;14;0;1;
df0ad60c-06dc-420f-991c-f03f48986ebd;BOU_ENGINES7;4;5;2;1;0;2600;0;0;11;0;1;
4b6a9462-6307-4ae7-88cb-d93d010f1647;HYPERDRIVE1;11;4;2;2;0;1000;0;0;37;0;1;
305a8b1c-e071-4582-9b9d-ba1baed541a7;BOU_SHIELDS1;3;8;2;2;0;1000;0;0;40;0;1;
4ffbda83-41a7-42b0-8a8b-e4b59a8afc81;BOU_Single_emp2;11;7;2;2;0;1100;0;0;39;0;0.0;0.0;0.0;0;
f8039500-a713-4b58-92a4-4ab013a17b1c;BOU_Cluster_ML3;6;4;2;2;0;1500;0;0;45;0;0.0;0.0;0.0;0;
e71ce633-7a51-4a57-9810-0502ca2a2ce0;WEAPONS_CONTROL2;14;5;2;1;0;4000;0;0;7;0;
ffe13b73-16fc-422b-a1b8-9fb9ebb720ef;SENSORS3;13;4;2;1;0;2000;0;0;2;0;1;
4d8ed44f-9997-4ac3-80d9-38779461c95a;CAPACITOR5;13;8;2;1;0;14000;0;0;0;0;
