509be25b-a137-4f29-a11c-de540257dacb;PILOTING3;4;6;2;1;0;10000;0;0;1;1;
2a5bb693-1087-45c9-980e-e91aa6daee5b;REACTOR3;6;2;2;2;0;5000;0;0;52;0;1;
59c42094-b4b4-4df6-8382-ae6b5b72e5cb;Dual_laser1;2;2;2;2;0;800;0;0;47;0;0.0;0.0;0.0;0;
5eeff72b-c736-48c3-89e3-490c2c736d18;Dual_laser1;8;2;2;2;0;800;0;0;37;0;0.0;0.0;0.0;0;
15946064-7be0-4ece-854e-9518bfc4d45c;CAPACITOR3;3;4;2;1;0;6000;0;0;0;0;
f1704e14-3ac3-410b-9beb-95011195782d;OXYGEN1;10;4;2;1;0;1000;1;0;15;1;1;
bcec2f4b-0a95-4dab-9588-453ca8d16eb2;SENSORS1;12;4;2;1;0;1000;0;0;1;1;1;
c86075f8-b0f7-460e-b58a-3c8cc6889d45;DOOR_CONTROL1;4;2;2;1;0;1000;0;0;1;1;1;
4a3b4717-3b1f-4e80-9247-3b5cbdf66d97;HYPERDRIVE2;11;5;2;2;0;3000;0;0;39;0;1;
dc9bd78d-c53f-42c2-9ff3-00262dc9fa01;MEDICAL1;1;4;2;1;0;2000;1;0;1;1;
6a4d4a61-2a19-40cb-bf14-aa936564da0d;ENGINES3;8;4;2;1;0;1800;0;0;14;1;1;
0793f4b1-46f8-40d9-9aef-98aa78765a85;SHIELDS3;11;2;2;2;0;3000;6;0;37;0;1;
ba07b2ce-3cd4-4af6-8904-f4361eea9644;SHIPS_SHOP;6;5;2;2;0;10000;0;0;51;1;140;LS1 2 L2&76rgb43rgb43:CRUS3 1 L0&36rgb29rgb51:;
638f3398-9e05-4981-a0a2-9e7ef418a680;SYS_SHOP2;5;4;2;1;0;10000;0;0;13;1;117;CAPACITOR3:MEDICAL3:none:none:none:MEDICAL1:;
5b8c6ec6-9a15-44ef-bfb8-2f4949ec8574;MIS_SHOP;2;5;2;2;0;10000;0;0;47;1;5;20;
