83a126d8-f97f-4822-827e-30e874ec4884;PILOTING2;9;6;2;1;0;10000;0;0;14;1;
ff3d277d-40a5-4d3f-a647-acda71cd58b6;BOU_REACTOR4;3;3;2;2;0;8000;0;0;38;0;1;
d34da37e-cf6c-4036-bbcb-6d34bd31bd53;OXYGEN2;7;7;2;1;0;2000;2;0;3;1;1;
22870469-d2c1-4313-adf9-a7d8965390f5;DOOR_CONTROL3;4;6;2;1;0;3000;0;0;15;1;1;
0d7cdfea-bdea-447a-a76d-f5b247a6128a;BOU_ENGINES7;11;4;2;1;0;2600;0;0;1;1;1;
383f9b58-1811-4eb1-be42-196edc0d6ef7;HYPERDRIVE2;3;8;2;2;0;3000;0;0;40;0;1;
94d3088c-b6c7-48e1-8125-67417de52b9f;SHIELDS3;13;4;2;2;0;3000;6;0;38;0;1;
7552123b-ad8b-4eba-bf03-41b958db04ea;BOU_Pierce_laser4;9;7;2;2;0;1900;0;0;39;0;0.0;0.0;0.0;0;
8a765a64-058b-472f-a00a-24dcc140c217;Emp3;13;7;2;2;0;1100;0;0;37;0;0.0;0.0;0.0;0;
ea547fc3-8d73-4b01-8215-c1689fe24ccd;BOU_Pierce_laser2;9;4;2;2;0;1500;0;0;37;0;0.0;0.0;0.0;0;
24cb8a23-8449-45bc-b59b-7c02e5827aab;WEAPONS_CONTROL2;11;8;2;1;0;4000;0;0;1;1;
b5c89440-612a-4156-8b68-6308c79c533f;SENSORS2;6;6;2;1;0;2000;0;0;13;1;1;
1948b892-c8f2-4a58-844f-ecfb9cba130e;CAPACITOR2;7;5;2;1;0;4000;0;0;0;0;
3fe531aa-5857-488b-9885-41907c98ba67;BOU_TELEPORT2;2;6;2;1;0;1000;2;1600;1;1;1;
