fc7b3066-040a-4dd1-8ecb-a950099c355f;PILOTING1;2;7;2;1;0;5000;0;0;3;1;
455729fc-ff72-48d3-a634-af920967501c;BOU_REACTOR4;1;2;2;2;0;8000;0;0;47;0;1;
52590b1a-a0ba-4ae1-8658-5479069cb6eb;OXYGEN2;2;4;2;1;0;2000;2;0;14;1;1;
c20a10a8-75b6-490e-acf1-ebb709a3c3f9;DOOR_CONTROL1;3;5;2;1;0;1000;0;0;1;1;1;
f20d2528-cbd7-488e-b9cb-a9683668cea7;ENGINES2;4;4;2;1;0;1400;0;0;1;1;1;
0f9a240e-4bc9-40fd-80f6-654422b40606;HYPERDRIVE1;6;3;2;2;0;1000;0;0;56;0;1;
5024906a-e9b1-4dba-ad52-0e34993d57ac;BOU_SHIELDS4;12;4;2;2;0;4000;8;0;38;0;1;
ed9dc93b-aa06-4c92-a3c9-7a9852cf51fd;BOU_Heavy_Dual_laser2;8;4;2;2;1;0;3;0;45;0;0.0;0.0;0.0;0;
7886fb91-1037-4e08-8d93-162bb2532f9e;BOU_Napalm1;1;5;2;2;0;1500;2;156;47;0;11.0;9624.0;4728.0;0;
07b7d821-93cd-4739-80c2-c561193f93c3;BOU_Heavy_laser2;10;3;2;2;0;1000;1;562;45;0;13.0;9912.0;5064.0;0;
a68afe38-1deb-4b62-9b41-9e866834f9fe;WEAPONS_CONTROL1;3;3;2;1;0;2000;0;0;1;1;
bc588d70-9e3c-43e6-a746-c7ed0118abfc;SENSORS2;2;1;2;1;0;2000;0;0;2;1;1;
