eb500f69-297f-452d-b5f0-920153529862;PILOTING1;8;6;2;1;0;5000;0;0;3;1;
ca8f681c-a63c-4b48-86c6-c60a4290089e;BOU_REACTOR4;12;6;2;2;0;8000;0;0;38;0;1;
ddeaa030-8b7a-4328-8435-a4411ca09894;OXYGEN1;10;6;2;1;0;1000;1;0;2;1;1;
ff72551f-8a72-44c1-8682-e2c131a7fd7b;DOOR_CONTROL2;10;4;2;1;0;2000;0;0;3;1;1;
8d68a3b6-fae6-4e2b-9d60-1be5ff703e2e;BOU_ENGINES2;4;6;2;1;0;1400;0;0;13;1;1;
81d30ac8-a7b7-4267-bf2e-56a157001b44;BOU_HYPERDRIVE2;2;2;2;2;0;3000;0;0;38;0;1;
a3e7d66a-003f-4f34-8885-c2251d430f51;BOU_SHIELDS5;5;7;2;2;0;5000;10;1750;39;0;1;
140e0f7d-e2fa-4ad9-b368-9987d3c45e3b;Pierce_laser3;12;3;2;2;0;1700;2;816;37;0;128.0;9048.0;7512.0;0;
9992c045-32fb-44ac-a32a-281ca01a184e;GAT_LASER1;5;2;2;2;0;900;3;0;37;0;127.0;9027.84;7290.72;0;
76353450-7abe-43d7-ab4f-2d8929e0428c;Dual_emp1;2;7;2;2;0;900;2;1278;40;0;127.0;8952.0;6984.0;0;
20632234-978a-42bf-83f7-07db08cbde37;WEAPONS_CONTROL2;8;4;2;1;0;4000;0;0;2;1;
6dd1fc64-b810-4520-93a0-e5e77113ddd6;SENSORS1;4;4;2;1;0;1000;0;0;13;1;1;
