821ef217-693e-4f7c-92b1-22923c6fa244;PILOTING3;8;4;2;1;0;10000;0;0;14;1;
bf807d2c-5b24-440b-8cf7-90e4567121bd;REACTOR3;6;2;2;2;0;5000;0;0;52;0;1;
6556b666-8e7c-4e07-8c63-0de66ebe363b;Dual_laser1;2;5;2;2;0;800;0;0;47;0;0.0;0.0;0.0;0;
6af7568d-cecd-49df-be50-bf7c0eb84135;Dual_laser1;11;5;2;2;0;800;0;0;39;0;0.0;0.0;0.0;0;
50d706db-b0e3-4191-a483-4a9cd42a2b96;CAPACITOR3;4;6;2;1;0;6000;0;0;0;0;
41ec4033-1a95-488c-92a9-b2d8a628f700;OXYGEN1;1;4;2;1;0;1000;1;0;1;1;1;
23293e8f-bf72-4da0-91e5-177c7bd189d6;SENSORS1;12;4;2;1;0;1000;0;0;1;1;1;
d4b852f0-8a23-4f48-ae90-ed6fb8b1ad0a;DOOR_CONTROL1;10;4;2;1;0;1000;0;0;15;1;1;
514a40ca-3f39-4d52-a265-b4edd19525c6;HYPERDRIVE2;8;2;2;2;0;3000;0;0;37;0;1;
124a359d-3f6a-4c03-b7ca-967b8388b135;MEDICAL1;3;4;2;1;0;2000;1;0;16;1;
b43443d8-9228-4681-b865-a20dbf61eddc;ENGINES3;5;4;2;1;0;1800;0;0;13;1;1;
cc21c23f-be0e-412c-a105-fb79667ea3c8;SHIELDS3;6;5;2;2;0;3000;6;0;51;0;1;
0631feab-5ebe-4167-974a-44fffd1cc4db;SHIPS_SHOP;8;5;2;2;0;10000;0;0;39;1;118;none&23rgb21rgb57:LS2 1 L0&67rgb33rgb92:LS2 1 L0&40rgb88rgb87:LS4 1 L0&61rgb42rgb50:;
3186afd6-b212-4ecc-b19f-b528d1c4122b;REPAIR1;4;2;2;1;0;2000;1;0;1;1;
