48224f54-dbea-4db4-b9cc-6296ce148125;PILOTING3;3;4;2;1;0;10000;0;0;16;1;
63a8649b-8d8c-43ee-86a6-e6ba5564bde1;REACTOR3;6;2;2;2;0;5000;0;0;52;0;1;
00956172-1ea7-4330-8771-76ccb0f11424;Dual_laser1;11;5;2;2;0;800;0;0;39;0;0.0;0.0;0.0;0;
75735620-b6c2-4b0d-b1a0-aff62ab20d82;Dual_laser1;8;5;2;2;0;800;0;0;39;0;0.0;0.0;0.0;0;
e481445f-cf15-489f-ae34-8de51876506c;CAPACITOR3;5;4;2;1;0;6000;0;0;0;0;
5125c5a6-80b3-46f6-86dc-dabada1dbdd2;OXYGEN1;4;6;2;1;0;1000;1;0;1;1;1;
a9bb64f8-2c36-4b6e-a720-458b751cb2e4;SENSORS1;8;4;2;1;0;1000;0;0;14;1;1;
4fdffc0e-bfbb-4618-91dd-880d56833b72;DOOR_CONTROL1;1;4;2;1;0;1000;0;0;1;1;1;
6053974f-5883-4c25-b190-5eabdee52bad;HYPERDRIVE2;11;2;2;2;0;3000;0;0;37;0;1;
39b4dbcb-2374-4634-90d1-384787589192;MEDICAL1;12;4;2;1;0;2000;1;0;1;1;
19ffd905-065d-4928-ad0e-4935104032d2;ENGINES3;4;2;2;1;0;1800;0;0;1;1;1;
cdf67481-eeaa-42e0-86f0-3dcc3cbacbcb;SHIELDS3;6;5;2;2;0;3000;6;0;51;0;1;
7442c9f6-b659-4cf0-9886-bb534fcf5ccc;DRONE_SHOP;8;2;2;2;0;10000;0;0;37;1;5;8;
fae09cde-f828-407a-aff3-1ea7015b72d3;DRONE_SHOP2;10;4;2;1;0;10000;0;0;15;1;3;12;
