50f9018c-3a1a-44ab-be27-8a8c1d63c895;PILOTING2;6;6;2;1;0;10000;0;0;13;1;
8ec96bdc-9006-4ba1-b745-3af00e626dde;BOU_REACTOR4;9;4;2;2;0;8000;0;0;37;0;1;
0852659c-9c67-41df-9311-c75eea4a14d7;OXYGEN1;4;5;2;1;0;1000;1;0;7;1;1;
d0cf90d3-988b-4b93-a4a8-d0f978af2a55;DOOR_CONTROL2;11;8;2;1;0;2000;0;0;1;1;1;
5c0c60df-7d63-4960-8fe0-6a66e10bf10b;ENGINES5;11;4;2;1;0;2200;0;0;1;1;1;
8be9e7e5-a708-4d8c-9351-7abe3d4e1eae;HYPERDRIVE1;13;4;2;2;0;1000;0;0;38;0;1;
5f0a9240-ec1c-466b-ac6f-7524e45c3728;SHIELDS4;9;7;2;2;0;4000;8;0;39;0;1;
d59caf58-82fa-4786-8e8e-0f3594897af2;BOU_Dual_Launcher4;3;3;2;2;0;2500;0;0;38;0;0.0;0.0;0.0;0;
cceb195c-0d2f-46e4-b88f-fdfee79ad6f9;BOU_Pierce_laser4;13;7;2;2;0;1900;0;0;37;0;0.0;0.0;0.0;0;
4c3b7189-97c5-413e-a82e-a742c1b627a7;BOU_Railgun3;3;8;2;2;0;2200;0;0;40;0;0.0;0.0;0.0;0;
7deffe16-3681-4630-9887-846779bdcab1;WEAPONS_CONTROL1;4;6;2;1;0;2000;0;0;15;1;
0dfa6da8-ee8d-4315-964b-7bc60b703a4a;SENSORS3;11;6;2;1;0;2000;0;0;1;1;1;
be023d9c-3e1e-4cc4-8429-c4313a0621e8;CAPACITOR1;7;7;2;1;0;2000;0;0;0;0;
