68df868a-4c4e-4aa9-add8-6684ed701e10;PILOTING3;10;4;2;1;0;10000;0;0;15;1;
39a87361-01cf-4836-9537-7621addeca5b;SHIELDS2;8;2;2;2;0;2000;4;0;37;0;1;
8b23ff1d-3021-41be-8e51-586c0bf0c79a;REACTOR3;2;5;2;2;0;5000;0;0;47;0;1;
30fa0f32-b9ed-48a1-b77f-f90bddbd00d3;SYS_SHOP;6;2;2;2;0;10000;0;0;52;1;164;OXYGENATOR:Heavy_Dual_laser1:SENSORS3:Heavy_laser4:MEDICAL2:Emp1:;
c5c2feb6-6fa0-4c3b-bc88-808c56322e80;REPAIR1;8;4;2;1;0;2000;1;0;14;1;
b946ca58-9dbc-485c-8589-3c68915e47de;MEDICAL2;12;4;2;1;0;4000;2;0;1;1;
2b2cd806-5ce5-4afc-bf5b-510dd447d39c;ENGINES4;3;4;2;1;0;2000;0;0;16;1;1;
e1f7436f-f206-4cb0-b16a-98160854ef8b;OXYGEN1;1;4;2;1;0;1000;1;0;1;1;1;
fcf2b316-cd72-41e4-a464-750da271c7d9;HYPERDRIVE2;11;2;2;2;0;3000;0;0;37;0;1;
6a2fb538-15d5-4468-803e-e32c6322e3a0;CAPACITOR3;4;6;2;1;0;6000;0;0;0;0;
bc33df00-4df1-41c7-a7e0-a95719ce316b;SENSORS1;5;4;2;1;0;1000;0;0;13;1;1;
a732dae6-89f1-4150-b67b-54a0462af1a4;DOOR_CONTROL1;4;2;2;1;0;1000;0;0;1;1;1;
4b9bc53e-c903-48a3-bbb7-b2f39ec65076;Dual_laser1;11;5;2;2;0;800;0;0;39;0;0.0;0.0;0.0;0;
ac643068-45b3-4e63-9d55-4979d8144d16;Heavy_laser3;8;5;2;2;0;1200;0;0;39;0;0.0;0.0;0.0;0;
