a79215f1-a249-4e3b-a1e4-59fffe5d77ac;PILOTING3;3;4;2;1;0;10000;0;0;16;1;
eef86e0b-6741-4987-8de0-1907a456e4de;REACTOR3;11;5;2;2;0;5000;0;0;39;0;1;
f97af66b-0750-4bc2-8f6a-b26e848dc2fc;Dual_laser1;8;5;2;2;0;800;0;0;39;0;0.0;0.0;0.0;0;
38fddc4e-a3e5-43c9-b681-ccf4eab2c03c;Dual_laser1;8;2;2;2;0;800;0;0;37;0;0.0;0.0;0.0;0;
2d856e10-d541-47c7-98fc-ebb436f6e38f;CAPACITOR3;5;4;2;1;0;6000;0;0;0;0;
36936ee1-13da-4170-9843-bae93c6b20db;OXYGEN1;4;2;2;1;0;1000;1;0;1;1;1;
a76ff326-68fc-48d2-9fbf-ce437e886e40;SENSORS1;10;4;2;1;0;1000;0;0;15;1;1;
5488e07d-e298-45aa-a771-42c9183de1a0;DOOR_CONTROL1;4;6;2;1;0;1000;0;0;1;1;1;
23fe8b36-b7c8-472d-8ef4-0736e254bb06;HYPERDRIVE2;11;2;2;2;0;3000;0;0;37;0;1;
e7328d88-b340-42b7-89a4-a9cc38654787;MEDICAL1;12;4;2;1;0;2000;1;0;1;1;
4cbd8529-a1f7-4222-8750-6ecf5178ec17;ENGINES3;1;4;2;1;0;1800;0;0;1;1;1;
b5963c34-6663-4bcd-8f7a-96465db2976d;SHIELDS3;6;2;2;2;0;3000;6;0;52;0;1;
bde013db-46de-449b-abaa-4b0e577a4c63;SHIPS_SHOP;6;5;2;2;0;10000;0;0;51;1;88;LS1 1 L0&40rgb23rgb27:LS1 1 L0&65rgb33rgb62:;
b5cb874f-368a-4114-8f2b-468fff1ca75b;SHIPS_SHOP;2;5;2;2;0;10000;0;0;47;1;100;none&43rgb41rgb62:none&95rgb64rgb53:none:none&87rgb62rgb53:none&42rgb22rgb96:;
387d30f0-3dfe-4585-bb03-2ba15cd4b55f;MIS_SHOP;2;2;2;2;0;10000;0;0;47;1;3;12;
427ee194-89c2-4850-a0de-b22d3609b2b2;CAPACITOR3;8;4;2;1;0;6000;0;0;0;0;
