e6446ba3-3e21-4895-aab6-140fb1bc9ed2;PILOTING4;19;12;1;2;1;0;0;0;21;1;
94d78855-fd53-4519-aa15-06b1d6657451;SHIELDS1;8;4;2;2;0;1000;2;0;37;0;1;
abc30ac9-7f3a-4a5b-932a-db8543b8c575;REACTOR3;2;12;2;2;0;3000;0;0;39;0;1;
0241596b-dd3a-4c94-88c9-1ad4aa81544a;DOOR_CONTROL1;4;9;2;1;0;1000;0;0;1;1;1;
ecd2e4b8-b808-4704-b32c-a6e308088a7b;OXYGEN1;10;3;1;2;0;1000;1;0;26;1;1;
f3aeda3a-9dda-4bac-9760-e111f36d8513;SENSORS1;13;3;1;2;0;1000;0;0;26;1;1;
cdf9f7e2-7c54-4164-a9b0-090cfe7338eb;MEDICAL3;11;2;2;2;0;6000;3;0;45;1;
50e0f5a6-4987-484a-a65b-ea844eae6e31;PARTS_LAB;18;12;1;2;1;0;1;0;26;0;
09b96f0e-3ab6-4364-9c64-d9c2ae565cd8;REPAIR1;11;6;1;2;0;2000;1;0;19;1;
f71ec358-8dd7-4979-80a4-52d5e8f8b8d1;CAPACITOR1;14;2;1;2;0;2000;0;0;0;0;
49e5a720-46d3-40f1-87f2-21114be2e07f;CAPACITOR1;14;4;1;2;0;2000;0;0;0;0;
a3e5210c-8e2b-4fac-9ce2-80371b75b0d9;CAPACITOR3;2;10;1;2;0;6000;0;0;0;0;
fc0da293-e10c-4185-9f73-5ffed390e3dd;TEST_LAB;16;12;2;2;1;0;0;0;45;1;100;HS5 1 L3&41rgb39rgb71:;
924164e2-8eed-4c01-8e88-238dc1d53971;MEDICAL3;8;2;2;2;0;6000;3;0;38;1;
df4be2b3-1c97-4b07-8a2a-35c0bd3bbc3b;OXYGEN1;7;10;2;1;0;1000;1;0;1;1;1;
e33711b4-4fab-4e99-bd0c-fe4d2c1081eb;CAPACITOR3;5;13;2;1;0;6000;0;0;0;0;
