971c4d15-ac72-4348-9d81-c6bd64ae40aa;PILOTING3;3;4;2;1;0;10000;0;0;16;1;
ab146947-763e-41a9-bf3b-96917c56ec61;REACTOR3;11;5;2;2;0;5000;0;0;39;0;1;
2ec4c928-bc75-48f5-bea1-56a28cc84d40;SHIELDS2;2;2;2;2;0;2000;4;0;47;0;1;
fa5ac7a1-0361-475c-a3bf-22bc66425fae;REPAIR1;4;6;2;1;0;2000;1;0;1;1;
6fb44098-84e3-451e-adec-23d04444f17d;MEDICAL2;4;2;2;1;0;4000;2;0;1;1;
2c85e942-fd16-4208-a773-417592095b4f;ENGINES4;1;4;2;1;0;2000;0;0;1;1;1;
35c3d81b-759d-40aa-a07f-eaa989b88cff;OXYGEN1;8;4;2;1;0;1000;1;0;14;1;1;
9d1911e9-d8da-457c-b34a-5829a11d090a;HYPERDRIVE2;11;2;2;2;0;3000;0;0;37;0;1;
0ad22a57-529d-470a-93fe-460e53275890;CAPACITOR3;12;4;2;1;0;6000;0;0;0;0;
c2acc6e1-5e4e-4368-99fb-c0888bd63ded;SENSORS1;5;4;2;1;0;1000;0;0;13;1;1;
fef4271c-79b1-477e-bf9d-48317fbbdda1;DOOR_CONTROL1;10;4;2;1;0;1000;0;0;15;1;1;
10105e2b-1bba-4eda-9a6e-cb0893e5b44b;Dual_laser1;2;5;2;2;0;800;0;0;47;0;0.0;0.0;0.0;0;
a0d9bfd0-3104-4f1b-80b6-279fbb80f9de;Heavy_laser3;6;5;2;2;0;1200;0;0;51;0;0.0;0.0;0.0;0;
4895de5f-989a-40b0-835e-0452b9ba97e9;MIS_SHOP;6;2;2;2;0;10000;0;0;52;1;5;25;
