cc7223a9-baf2-43c1-ac73-268ba710d7e3;PILOTING3;9;3;2;1;0;10000;0;0;14;1;
f0f2e9d0-ba35-43ac-8737-d36b0e09a1c8;REACTOR3;9;8;2;2;0;5000;0;0;57;0;1;
a0e1d50f-2582-4483-81f7-3a3ea0cb0018;Dual_laser1;14;2;2;2;0;800;0;0;45;0;0.0;0.0;0.0;0;
31538a86-6fde-4119-99be-dd407d43bd48;Dual_laser1;3;7;2;2;0;800;0;0;42;0;0.0;0.0;0.0;0;
26b36f01-5447-4ee8-8f50-bbcff66fdced;CAPACITOR3;11;9;2;1;0;6000;0;0;0;0;
3537862d-399a-41c8-bbc0-42e6becb4f35;OXYGEN1;12;11;2;1;0;1000;1;0;8;1;1;
be1c62b2-a8ef-4754-9bde-776ef9b23698;SENSORS1;8;12;2;1;0;1000;0;0;3;1;1;
a625ae6d-5880-4ef2-83cb-fb07b5c46c53;DOOR_CONTROL1;6;12;2;1;0;1000;0;0;1;1;1;
b4597d61-401e-440f-a733-21ef7393fd05;HYPERDRIVE1;11;2;2;2;0;1000;0;0;45;0;1;
4b1fedde-16a7-4088-8428-47c70af3b2d3;MEDICAL1;16;3;2;1;0;2000;1;0;2;1;
6f8d086b-2756-44f7-ab60-cb1952c07b20;ENGINES2;5;12;1;2;0;1400;0;0;20;1;1;
cf6c2c1f-1277-4d5f-882d-7c7b80c8cfaf;SHIELDS3;14;9;2;2;0;3000;6;0;38;0;1;
9e23c374-7cc3-46e6-8ef9-2e1a183ef28b;REPAIR1;5;10;1;2;0;2000;1;0;21;1;
339b34c5-c1a8-4c3f-bed6-760fe8d27831;REPAIR1;13;9;1;2;0;2000;1;0;31;1;
d96462d1-f650-47e7-a4fb-729953e6f9b4;REPAIR1;4;9;1;2;0;2000;1;0;20;1;
a99afd41-2a6f-43e2-b530-402fec096943;CAPACITOR1;9;6;1;2;0;2000;0;0;0;0;
