bdc2a727-ac97-47c6-a26d-f04befe4f0ec;PILOTING3;10;4;2;1;0;10000;0;0;15;1;
8de222ac-6240-44b2-89cb-610b866c3f8a;REACTOR3;2;2;2;2;0;5000;0;0;47;0;1;
014ef4b6-c47c-4047-b210-4f80fce89c83;Dual_laser1;11;5;2;2;0;800;0;0;39;0;0.0;0.0;0.0;0;
2de054fc-7dc3-4bc5-82b0-86a05a82807d;Dual_laser1;6;5;2;2;0;800;0;0;51;0;0.0;0.0;0.0;0;
1993f60b-33d4-40d4-a477-83a327adb871;CAPACITOR3;5;4;2;1;0;6000;0;0;0;0;
20bae8c9-1ae7-4fd1-82e1-e8a04af3639a;OXYGEN1;4;2;2;1;0;1000;1;0;1;1;1;
d36a36e2-6f6d-494f-b87e-3c9735408342;SENSORS1;8;4;2;1;0;1000;0;0;14;1;1;
8fe9566e-9fc0-44a0-af3e-54aad334e484;DOOR_CONTROL1;4;6;2;1;0;1000;0;0;1;1;1;
84e1a5ca-5359-46d9-8035-042d884f39b5;HYPERDRIVE2;11;2;2;2;0;3000;0;0;37;0;1;
20cde339-c451-4696-b06b-c3d6801bb4d8;MEDICAL1;1;4;2;1;0;2000;1;0;1;1;
5c92557f-9119-4664-b2bb-fbb8a8f38479;ENGINES3;12;4;2;1;0;1800;0;0;1;1;1;
9daaf693-5e0c-4b41-8200-cf61bd429bbc;SHIELDS3;6;2;2;2;0;3000;6;0;52;0;1;
821fdc42-c43f-4985-a283-81e8167c0066;SHIPS_SHOP;8;2;2;2;0;10000;0;0;37;1;90;LS1 1 L2&58rgb79rgb81:LS1 2 L2&94rgb84rgb49:LS2 1 L2&95rgb97rgb80:;
d4509ccd-c375-45fb-ad63-0e8060a0bb1d;REPAIR1;3;4;2;1;0;2000;1;0;16;1;
