6f486b66-244b-4beb-afc6-d9aa7b1d1822;PILOTING3;1;4;2;1;0;10000;0;0;1;1;
ca6bc89e-e9b5-451a-b317-5ed5497ba835;REACTOR3;2;2;2;2;0;5000;0;0;47;0;1;
8d9ee10b-7263-4b6f-a727-a84b668467f4;SHIELDS3;11;5;2;2;0;3000;6;0;39;0;1;
8a06c702-7d9f-4fa0-9a82-8eb73c7b818b;Dual_laser1;6;2;2;2;0;800;2;1440;52;1;136.0;2664.0;13128.0;0;
6d173df4-421a-4e35-ba97-209cb1717f86;Dual_laser1;2;5;2;2;0;800;2;1440;47;1;135.0;2568.0;13176.0;0;
1f82eb1d-ccf0-4ac4-8c00-f9053f1d449f;CAPACITOR3;4;6;2;1;0;6000;0;0;0;0;
6da28c76-d65c-4590-a9e3-27cf146ef576;OXYGEN1;3;4;2;1;0;1000;1;0;16;1;1;
33ec4703-39c1-4451-ba18-8f2686febda2;SENSORS1;12;4;2;1;0;1000;0;0;1;1;1;
ef75e7c5-65a2-43c6-b5e5-2e6e471c4c72;DOOR_CONTROL1;5;4;2;1;0;1000;0;0;13;1;1;
95f97d07-3f0a-499c-bea4-3fb30ca1ee41;HYPERDRIVE2;11;2;2;2;0;3000;0;0;37;0;1;
e2bfdaaa-4f1d-4ee2-9570-6697f718cefd;REPAIR1;4;2;2;1;0;2000;1;0;1;1;
1dc12ce1-a0ac-4b3a-8b90-802fff239869;MEDICAL1;10;4;2;1;0;2000;1;0;15;1;
99cfb427-6bd6-4795-abd5-9563e7b1a2e4;ENGINES3;8;4;2;1;0;1800;0;0;14;1;1;
c84af3b6-37d0-4754-b119-59985e8b502f;MIS_SHOP;8;2;2;2;0;10000;0;0;37;1;3;35;
