e060fcec-8d15-4434-8dc9-946c8f737932;PILOTING1;9;6;2;1;0;5000;0;0;14;1;
eeef36e2-51b6-4a0e-a338-fd0624cc492d;BOU_REACTOR4;9;7;2;2;0;8000;0;0;39;0;1;
5f31aff2-1d00-4365-9e7f-3482d246b2bc;OXYGEN2;7;5;2;1;0;2000;2;0;2;1;1;
ab31fed6-f1c2-46c1-a8c2-a8071511c935;DOOR_CONTROL2;15;6;2;1;0;2000;0;0;1;1;1;
236eb7e9-e9b2-4953-aa2b-bb8b84941173;BOU_ENGINES6;2;6;2;1;0;2400;0;0;1;1;1;
8779c922-3434-44b7-8616-b7d40ab95138;BOU_HYPERDRIVE1;3;3;2;2;0;1000;0;0;38;0;1;
3726a5dd-005e-4291-93ce-9f076c45a77c;SHIELDS2;13;4;2;2;0;2000;4;0;38;0;1;
16544186-d3b8-496a-bfc2-40dcd9a58fe6;BOU_Basic_ML3;9;4;2;2;0;1200;0;0;37;0;0.0;0.0;0.0;0;
24a03776-f25b-4467-8f4b-83f48cf910ec;Basic_laser1;13;7;2;2;0;800;0;0;37;0;0.0;0.0;0.0;0;
a0d1a317-d08a-4170-8f2e-7b582674d56b;BOU_Railgun2;3;8;2;2;0;1600;0;0;40;0;0.0;0.0;0.0;0;
9a03bc28-ee42-4aef-a48b-122a4065d34f;WEAPONS_CONTROL2;11;8;2;1;0;4000;0;0;1;1;
69fd24b4-9015-4ff2-8ae7-2947dcfa81fc;SENSORS1;11;4;2;1;0;1000;0;0;1;1;1;
3ee1f66e-f1c5-4813-8af3-7e36ee4d11b3;CAPACITOR5;4;6;2;1;0;14000;0;0;0;0;
