a426c989-4705-4fd8-ba90-08e28f3cbdd7;PILOTING2;4;6;2;1;0;10000;0;0;15;1;
fa92e6cf-4a6d-438c-8215-b9cf690ff246;BOU_REACTOR4;13;4;2;2;0;8000;0;0;38;0;1;
a0254c40-0873-4b27-ac01-871f87d4a0d3;OXYGEN2;13;6;2;1;0;2000;2;0;1;1;1;
73a4c14f-0214-485d-9455-a30f9c8b1edb;DOOR_CONTROL2;11;6;2;1;0;2000;0;0;1;1;1;
6c71b04a-c4d5-4a00-bf89-0101082c9726;ENGINES7;11;4;2;1;0;2600;0;0;1;1;1;
64b20001-ddc9-4227-aa0c-47dd965b85d9;BOU_HYPERDRIVE2;3;8;2;2;0;3000;0;0;40;0;1;
fa419441-4009-4eef-b645-0aa5cf8a7630;SHIELDS4;13;7;2;2;0;4000;8;0;37;0;1;
c9812042-5a10-4852-b929-1c019177f622;BOU_Napalm2;3;3;2;2;0;1700;2;1520;38;1;33.0;3624.0;4056.0;0;
6e03b79c-2701-4d83-a649-094b17891fe0;Emp4;9;7;2;2;0;1300;2;1440;39;1;59.0;3144.0;4152.0;0;
a0781287-ebb9-4d2e-8348-26022503845a;BOU_Basic_ML3;9;4;2;2;0;1200;1;600;37;1;53.0;3192.0;4104.0;0;
48cd90ba-264d-4eb4-a418-01fd83485e0d;WEAPONS_CONTROL2;6;6;2;1;0;4000;0;0;13;1;
221f7a31-a676-4a05-a2fd-77de9c28da30;SENSORS3;7;7;2;1;0;2000;0;0;3;1;1;
2971e4d2-fa35-4d70-a3f3-111ad105c774;CAPACITOR5;4;7;2;1;0;14000;0;0;0;0;
5d85dca6-74ab-4c43-a5bd-1aef0dc87de2;BOU_TELEPORT2;7;5;2;1;0;1000;2;1600;2;1;1;
