7a1213c8-2a4e-4c39-afca-b78b9e944a6f;PILOTING3;10;4;2;1;0;10000;0;0;15;1;
9228006f-1275-4fad-9931-ec75d7686bda;REACTOR3;6;5;2;2;0;5000;0;0;51;0;1;
27fdb0b1-039a-4cd7-8fe0-9ba967979b7d;SHIELDS3;11;2;2;2;0;3000;6;0;37;0;1;
22f247dd-4bbc-4989-99e4-a50169b5d1b0;Dual_laser1;11;5;2;2;0;800;2;1440;39;1;152.0;2856.0;5352.0;0;
5b446b95-59f7-43ca-8087-175796755f58;Dual_laser1;6;2;2;2;0;800;2;1440;52;1;151.0;3000.0;5400.0;0;
c3ba139b-76b2-4ed2-9aab-0b1c2858e358;CAPACITOR3;4;6;2;1;0;6000;0;0;0;0;
03fe75a7-508f-451e-9dfa-4470d5fc447f;OXYGEN1;8;4;2;1;0;1000;1;0;14;1;1;
2a11311d-06fc-47dc-92e7-be6e461c70aa;SENSORS1;3;4;2;1;0;1000;0;0;16;1;1;
ab9f7997-a738-4d42-8d12-d6af1e0c4ea8;DOOR_CONTROL1;12;4;2;1;0;1000;0;0;1;1;1;
92526050-8490-471c-b67f-57ad62b3919c;HYPERDRIVE2;2;5;2;2;0;3000;0;0;47;0;1;
24c335f3-49fa-4972-97bf-a838cb8ad5fc;REPAIR1;5;4;2;1;0;2000;1;0;13;1;
53593bd8-7d62-47bb-a0f6-ab281663759e;MEDICAL1;4;2;2;1;0;2000;1;0;1;1;
1d20e9f5-2fec-4b40-8f6b-69b7cb2eaf00;ENGINES3;1;4;2;1;0;1800;0;0;1;1;1;
81df3dfa-b1d1-4916-a3a4-c27bd804d169;MIS_SHOP;8;2;2;2;0;10000;0;0;37;1;4;5;
